nk
0.24 0.84 
SOPRA N&K Database
301
0.24 1.6844 3.3312
0.242 1.7317 3.357
0.244 1.7801 3.3777
0.246 1.8318 3.4067
0.248 1.8774 3.4219
0.25 1.9236 3.4458
0.252 1.9717 3.4721
0.254 2.01 3.4965
0.256 2.061 3.5225
0.258 2.1072 3.5382
0.26 2.1631 3.5597
0.262 2.2099 3.5831
0.264 2.2571 3.5991
0.266 2.3094 3.6191
0.268 2.3627 3.6328
0.27 2.4148 3.6511
0.272 2.4636 3.66
0.274 2.5163 3.6755
0.276 2.5723 3.6899
0.278 2.6313 3.7061
0.28 2.6816 3.7121
0.282 2.7391 3.722
0.284 2.7993 3.7303
0.286 2.8529 3.7364
0.288 2.913 3.7387
0.29 2.9684 3.7439
0.292 3.0269 3.7474
0.294 3.0826 3.746
0.296 3.1419 3.7466
0.298 3.2032 3.7444
0.3 3.2614 3.7385
0.302 3.32368 3.73329
0.304 3.3831 3.7265
0.306 3.44092 3.71806
0.308 3.4984 3.7079
0.31 3.55817 3.69582
0.312 3.6174 3.6821
0.314 3.67342 3.66689
0.316 3.7283 3.6504
0.318 3.78321 3.63324
0.32 3.8381 3.6143
0.322 3.89345 3.59216
0.324 3.9489 3.5683
0.326 4.00531 3.54383
0.328 4.0595 3.5185
0.33 4.10637 3.49286
0.332 4.1526 3.4656
0.334 4.20565 3.4355
0.336 4.2581 3.4028
0.338 4.30354 3.366
0.34 4.3464 3.3291
0.342 4.38909 3.2972
0.344 4.4312 3.2655
0.346 4.47343 3.23017
0.348 4.5148 3.1934
0.35 4.5545 3.15631
0.352 4.5927 3.1183
0.354 4.62933 3.07889
0.356 4.6643 3.0389
0.358 4.69734 2.99936
0.36 4.7289 2.9592
0.362 4.75954 2.91711
0.364 4.7886 2.8748
0.366 4.81519 2.83415
0.368 4.8405 2.7934
0.37 4.86583 2.75076
0.372 4.8899 2.7082
0.374 4.91164 2.6675
0.376 4.9318 2.6274
0.378 4.9506 2.58739
0.38 4.9686 2.547
0.382 4.98697 2.50502
0.384 5.0041 2.4632
0.386 5.01812 2.42346
0.388 5.031 2.3841
0.39 5.04462 2.34344
0.392 5.0574 2.3034
0.394 5.06799 2.26599
0.396 5.0775 2.2292
0.398 5.08692 2.19104
0.4 5.0952 2.1535
0.402 5.10128 2.11832
0.404 5.1061 2.0842
0.406 5.10995 2.05058
0.408 5.1138 2.017
0.41 5.11909 1.98247
0.412 5.1247 1.948
0.414 5.13046 1.91446
0.416 5.135 1.8813
0.418 5.13724 1.84831
0.42 5.1361 1.8153
0.422 5.15986 1.79773
0.424 5.17549 1.77602
0.426 5.18403 1.75079
0.428 5.18654 1.72265
0.43 5.1841 1.6922
0.432 5.17775 1.66006
0.434 5.16856 1.62684
0.436 5.15758 1.59315
0.438 5.14587 1.5596
0.44 5.1345 1.5268
0.442 5.1301 1.49853
0.444 5.12676 1.47144
0.446 5.12414 1.44535
0.448 5.1219 1.42006
0.45 5.1197 1.3954
0.452 5.11579 1.37052
0.454 5.11161 1.34606
0.456 5.10717 1.32202
0.458 5.1025 1.29837
0.46 5.0976 1.2751
0.462 5.09255 1.25205
0.464 5.0873 1.22939
0.466 5.08186 1.20713
0.468 5.07622 1.1853
0.47 5.0704 1.1639
0.472 5.06426 1.1431
0.474 5.05796 1.12274
0.476 5.05157 1.10282
0.478 5.0451 1.08331
0.48 5.0386 1.0642
0.482 5.03214 1.04555
0.484 5.02571 1.02725
0.486 5.01936 1.00929
0.488 5.01311 0.991611
0.49 5.007 0.9742
0.492 5.00155 0.956992
0.494 4.99618 0.939992
0.496 4.99079 0.923176
0.498 4.9853 0.90652
0.5 4.9796 0.89
0.502 4.97309 0.873394
0.504 4.96633 0.856925
0.506 4.95935 0.840619
0.508 4.95219 0.824502
0.51 4.9449 0.8086
0.512 4.93768 0.792989
0.514 4.93035 0.77763
0.516 4.92291 0.762538
0.518 4.91536 0.747723
0.52 4.9077 0.7332
0.522 4.89987 0.719073
0.524 4.89192 0.705241
0.526 4.88388 0.691691
0.528 4.87573 0.678414
0.53 4.8675 0.6654
0.532 4.85942 0.653473
0.534 4.85122 0.641579
0.536 4.84283 0.629498
0.538 4.83421 0.617011
0.54 4.8253 0.6039
0.542 4.81384 0.587456
0.544 4.80255 0.57057
0.546 4.79192 0.553647
0.548 4.78247 0.537089
0.55 4.7747 0.5213
0.552 4.77425 0.508434
0.554 4.7752 0.496705
0.556 4.77676 0.486079
0.558 4.77815 0.476522
0.56 4.7786 0.468
0.562 4.77288 0.461492
0.564 4.76575 0.455696
0.566 4.75755 0.450324
0.568 4.74859 0.445088
0.57 4.7392 0.4397
0.572 4.73081 0.432333
0.574 4.72238 0.424622
0.576 4.71395 0.416666
0.578 4.70557 0.408559
0.58 4.6973 0.4004
0.582 4.68944 0.392621
0.584 4.68171 0.384898
0.586 4.67413 0.377245
0.588 4.66666 0.369675
0.59 4.6593 0.3622
0.592 4.65213 0.354759
0.594 4.64502 0.347458
0.596 4.63794 0.340326
0.598 4.63084 0.333397
0.6 4.6237 0.3267
0.602 4.61597 0.320757
0.604 4.60825 0.314987
0.606 4.60062 0.309298
0.608 4.59317 0.303599
0.61 4.586 0.2978
0.612 4.57995 0.291099
0.614 4.57417 0.284291
0.616 4.56855 0.277465
0.618 4.56299 0.270706
0.62 4.5574 0.2641
0.622 4.55103 0.257946
0.624 4.54459 0.252065
0.626 4.53813 0.246491
0.628 4.53171 0.241258
0.63 4.5254 0.2364
0.632 4.51979 0.232865
0.634 4.51427 0.229542
0.636 4.50877 0.226238
0.638 4.5032 0.222755
0.64 4.4975 0.2189
0.642 4.49104 0.212925
0.644 4.48442 0.206574
0.646 4.47772 0.200041
0.648 4.47099 0.193519
0.65 4.4643 0.1872
0.652 4.45797 0.18231
0.654 4.45173 0.177751
0.656 4.44558 0.173457
0.658 4.4395 0.169362
0.66 4.4335 0.1654
0.662 4.4276 0.16118
0.664 4.42176 0.157044
0.666 4.41595 0.153008
0.668 4.41017 0.149088
0.67 4.4044 0.1453
0.672 4.39854 0.141817
0.674 4.39268 0.138458
0.676 4.38683 0.135202
0.678 4.381 0.132023
0.68 4.3752 0.1289
0.682 4.36946 0.125703
0.684 4.36375 0.122542
0.686 4.35809 0.119418
0.688 4.35247 0.116337
0.69 4.3469 0.1133
0.692 4.34141 0.110314
0.694 4.33597 0.107379
0.696 4.33058 0.104497
0.698 4.32522 0.10167
0.7 4.3199 0.0989
0.702 4.31449 0.095922
0.704 4.30913 0.093073
0.706 4.30387 0.090423
0.708 4.29871 0.088042
0.71 4.2937 0.086
0.712 4.28912 0.085396
0.714 4.28468 0.085012
0.716 4.28032 0.08466
0.718 4.276 0.084152
0.72 4.2717 0.0833
0.722 4.26698 0.080492
0.724 4.26229 0.07732
0.726 4.25767 0.073952
0.728 4.25319 0.070556
0.73 4.2489 0.0673
0.732 4.24548 0.065222
0.734 4.24221 0.063403
0.736 4.23897 0.061793
0.738 4.23567 0.060342
0.74 4.2322 0.059
0.742 4.22813 0.0576
0.744 4.22377 0.05624
0.746 4.21911 0.0549
0.748 4.21413 0.05356
0.75 4.2088 0.0522
0.752 4.20261 0.050595
0.754 4.19617 0.048982
0.756 4.18958 0.04739
0.758 4.18296 0.045853
0.76 4.1764 0.0444
0.762 4.17023 0.043172
0.764 4.1643 0.042064
0.766 4.15864 0.04108
0.768 4.15333 0.040224
0.77 4.1484 0.0395
0.772 4.14439 0.039184
0.774 4.14076 0.03894
0.776 4.13745 0.038704
0.778 4.13438 0.038412
0.78 4.1315 0.038
0.782 4.12865 0.036876
0.784 4.12588 0.035636
0.786 4.12315 0.034348
0.788 4.1204 0.03308
0.79 4.1176 0.0319
0.792 4.11443 0.031318
0.794 4.11119 0.030849
0.796 4.10791 0.030451
0.798 4.1046 0.030082
0.8 4.1013 0.0297
0.802 4.09809 0.028916
0.804 4.09491 0.02812
0.806 4.09178 0.027356
0.808 4.08871 0.026668
0.81 4.0857 0.0261
0.812 4.08284 0.026157
0.814 4.08004 0.026306
0.816 4.07729 0.026478
0.818 4.07458 0.026599
0.82 4.0719 0.0266
0.822 4.06919 0.025846
0.824 4.0665 0.024969
0.826 4.06382 0.024039
0.828 4.06115 0.023126
0.83 4.0585 0.0223
0.832 4.05586 0.02163
0.834 4.05323 0.021185
0.836 4.05061 0.021035
0.838 4.048 0.02125
0.84 4.0454 0.0219
