nk
0.187856 2.06642 
SOPRA N&K Database
121
0.187856 0.995 1.13
0.18929 1.00425 1.14938
0.190746 1.012 1.16
0.192225 1.0195 1.16813
0.193727 1.028 1.18
0.195252 1.0375 1.19437
0.196802 1.048 1.21
0.198376 1.05963 1.22562
0.199976 1.072 1.24
0.201602 1.08481 1.25125
0.203254 1.098 1.26
0.204934 1.11163 1.26562
0.206642 1.125 1.27
0.208378 1.13719 1.275
0.210144 1.149 1.28
0.21194 1.16144 1.28531
0.213768 1.173 1.29
0.215626 1.18188 1.29281
0.217518 1.19 1.295
0.219443 1.19912 1.2975
0.221402 1.208 1.3
0.223397 1.21569 1.3025
0.225428 1.223 1.305
0.227496 1.23069 1.30719
0.229602 1.238 1.31
0.231748 1.244 1.31469
0.233934 1.25 1.32
0.236162 1.25719 1.325
0.238433 1.265 1.33
0.240748 1.27344 1.335
0.243108 1.282 1.34
0.245515 1.28969 1.34563
0.24797 1.298 1.35
0.250475 1.30856 1.35062
0.253031 1.32 1.35
0.25564 1.33106 1.35
0.258302 1.343 1.35
0.261021 1.35694 1.35125
0.263798 1.372 1.35
0.266635 1.3875 1.34125
0.269533 1.404 1.33
0.272495 1.42231 1.32187
0.275523 1.441 1.31
0.278618 1.45919 1.28812
0.281785 1.476 1.26
0.285023 1.49012 1.22875
0.288338 1.502 1.19
0.29173 1.51356 1.143
0.295203 1.519 1.08
0.298759 1.51937 0.988813
0.302403 1.496 0.882
0.306136 1.4325 0.761063
0.309963 1.323 0.647
0.313887 1.14206 0.550875
0.317911 0.932 0.504
0.322039 0.719062 0.554375
0.326277 0.526 0.663
0.330627 0.388125 0.818563
0.335095 0.294 0.986
0.339685 0.253313 1.12069
0.344403 0.238 1.24
0.349254 0.221438 1.34525
0.354243 0.209 1.44
0.359377 0.194813 1.53375
0.364662 0.186 1.61
0.370105 0.192063 1.64187
0.375713 0.2 1.67
0.381493 0.198063 1.735
0.387454 0.192 1.81
0.393604 0.182 1.87875
0.399952 0.173 1.95
0.406509 0.172625 2.02937
0.413284 0.173 2.11
0.420289 0.166688 2.18625
0.427535 0.16 2.26
0.435036 0.1585 2.32938
0.442804 0.157 2.4
0.450855 0.151063 2.47875
0.459204 0.144 2.56
0.467869 0.137313 2.64
0.476866 0.132 2.72
0.486216 0.13025 2.79813
0.495941 0.13 2.88
0.506062 0.129938 2.97375
0.516605 0.13 3.07
0.527597 0.130063 3.15937
0.539066 0.129 3.25
0.551045 0.124375 3.34813
0.563569 0.12 3.45
0.576675 0.119313 3.55375
0.590406 0.121 3.66
0.604806 0.1255 3.76625
0.619926 0.131 3.88
0.635821 0.136125 4.01063
0.652554 0.14 4.15
0.67019 0.140063 4.29312
0.688807 0.14 4.44
0.708487 0.144313 4.58625
0.729325 0.148 4.74
0.751425 0.145875 4.90813
0.774907 0.143 5.09
0.799904 0.142563 5.28875
0.826568 0.145 5.5
0.85507 0.151938 5.72062
0.885608 0.163 5.95
0.918409 0.179875 6.18313
0.953732 0.198 6.43
0.991881 0.212625 6.6975
1.03321 0.226 6.99
1.07813 0.235375 7.31375
1.12714 0.251 7.67
1.18081 0.287375 8.06062
1.23985 0.329 8.49
1.30511 0.36 8.95375
1.37761 0.396 9.48
1.45865 0.438563 10.1144
1.54981 0.514 10.8
1.65314 0.672625 11.445
1.77122 0.844 12.2
1.90746 0.987875 13.155
2.06642 1.064 14.4
