nk
0.183682 2.4797 
SOPRA N&K Database
126
0.183682 0.102 2.07
0.185053 0.104385 2.085
0.186444 0.106203 2.10334
0.187856 0.107628 2.12418
0.18929 0.108835 2.14668
0.190746 0.11 2.17
0.192225 0.111298 2.19329
0.193727 0.112904 2.21573
0.195252 0.114761 2.23751
0.196802 0.116812 2.25886
0.198376 0.119 2.28
0.199976 0.121268 2.30114
0.201602 0.123559 2.32249
0.203254 0.125816 2.34427
0.204934 0.127982 2.36671
0.206642 0.13 2.39
0.208378 0.131813 2.41438
0.210144 0.134 2.44
0.21194 0.136438 2.46563
0.213768 0.139 2.49
0.215626 0.1415 2.50937
0.217518 0.144 2.53
0.219443 0.146438 2.55938
0.221402 0.149 2.59
0.223397 0.151875 2.615
0.225428 0.155 2.64
0.227496 0.1585 2.66938
0.229602 0.162 2.7
0.231748 0.164938 2.73
0.233934 0.168 2.76
0.236162 0.171938 2.79
0.238433 0.176 2.82
0.240748 0.179563 2.85
0.243108 0.183 2.88
0.245515 0.1865 2.90937
0.24797 0.19 2.94
0.250475 0.193438 2.975
0.253031 0.197 3.01
0.25564 0.200938 3.03938
0.258302 0.205 3.07
0.261021 0.208875 3.10938
0.263798 0.213 3.15
0.266635 0.217875 3.185
0.269533 0.223 3.22
0.272495 0.227938 3.25937
0.275523 0.233 3.3
0.278618 0.238438 3.33937
0.281785 0.244 3.38
0.285023 0.249438 3.425
0.288338 0.255 3.47
0.29173 0.260875 3.51
0.295203 0.267 3.55
0.298759 0.273375 3.59375
0.302403 0.28 3.64
0.306136 0.286813 3.68938
0.309963 0.294 3.74
0.313887 0.301875 3.78938
0.317911 0.31 3.84
0.322039 0.317875 3.89438
0.326277 0.326 3.95
0.330627 0.33475 4.005
0.335095 0.344 4.06
0.339685 0.353813 4.11375
0.344403 0.364 4.17
0.349254 0.374375 4.23375
0.354243 0.385 4.3
0.359377 0.39575 4.365
0.364662 0.407 4.43
0.370105 0.419125 4.49375
0.375713 0.432 4.56
0.381493 0.445688 4.63375
0.387454 0.46 4.71
0.393604 0.474688 4.78437
0.399952 0.49 4.86
0.406509 0.506188 4.93813
0.413284 0.523 5.02
0.420289 0.540063 5.10875
0.427535 0.558 5.2
0.435036 0.577313 5.29
0.442804 0.598 5.38
0.450855 0.620313 5.48
0.459204 0.644 5.58
0.467869 0.668625 5.69
0.476866 0.695 5.8
0.486216 0.72375 5.915
0.495941 0.755 6.03
0.506062 0.789 6.15
0.516605 0.826 6.28
0.527597 0.867 6.42
0.539066 0.912 6.55
0.551045 0.963 6.7
0.563569 1.02 6.85
0.576675 1.08 7
0.590406 1.15 7.15
0.604806 1.22 7.31
0.619926 1.3 7.48
0.635821 1.39 7.65
0.652554 1.49 7.82
0.67019 1.6 8.01
0.688807 1.74 8.21
0.708487 1.91 8.39
0.729325 2.14 8.57
0.751425 2.41 8.62
0.774907 2.63 8.6
0.799904 2.8 8.45
0.826568 2.74 8.31
0.85507 2.58 8.21
0.885608 2.24 8.21
0.918409 1.86 8.44
0.953732 1.47 8.95
0.991881 1.37 9.49
1.03321 1.26 10
1.07813 1.21 10.6
1.12714 1.2 11.2
1.18081 1.21 11.8
1.23985 1.21 12.5
1.30511 1.23 13.2
1.37761 1.26 14
1.45865 1.33 14.9
1.54981 1.44 16
1.65314 1.59 17.1
1.77122 1.77 18.3
1.90746 1.99 19.8
2.06642 2.27 21.4
2.25428 2.62 23.3
2.4797 3.07 25.6
