nk
0.206642 2.4797 
SOPRA N&K Database
56
0.206642 1.834 0
0.210144 1.83366 0
0.213768 1.83355 0
0.217518 1.83361 0
0.221402 1.83378 0
0.225428 1.834 0
0.229602 1.83422 0
0.233934 1.83439 0
0.238433 1.83445 0
0.243108 1.83434 0
0.24797 1.834 0
0.253031 1.83326 0
0.258302 1.83221 0
0.263798 1.83083 0
0.269533 1.8291 0
0.275523 1.827 0
0.281785 1.82398 0
0.288338 1.82067 0
0.295203 1.81717 0
0.302403 1.81358 0
0.309963 1.81 0
0.317911 1.80699 0
0.326277 1.8041 0
0.335095 1.8013 0
0.344403 1.79861 0
0.354243 1.796 0
0.364662 1.79341 0
0.375713 1.7909 0
0.387454 1.7885 0
0.399952 1.78619 0
0.413284 1.784 0
0.427535 1.78202 0
0.442804 1.78015 0
0.459204 1.77837 0
0.476866 1.77666 0
0.495941 1.775 0
0.516605 1.77335 0
0.539066 1.77174 0
0.563569 1.77014 0
0.590406 1.76857 0
0.619926 1.767 0
0.652554 1.7654 0
0.688807 1.7638 0
0.729325 1.7622 0
0.774907 1.7606 0
0.826568 1.759 0
0.885608 1.7574 0
0.953732 1.7558 0
1.03321 1.7542 0
1.12714 1.7526 0
1.23985 1.751 0
1.37761 1.749 0
1.54981 1.746 0
1.77122 1.742 0
2.06642 1.736 0
2.4797 1.726 0
