nk
0.25 0.9 
SOPRA N&K Database
131
0.25 0.156487 2.29557
0.255 0.163833 2.31397
0.26 0.169489 2.35978
0.265 0.173898 2.42139
0.27 0.177503 2.48719
0.275 0.180418 2.53701
0.28 0.18408 2.58489
0.285 0.190636 2.63992
0.29 0.198064 2.69664
0.295 0.205186 2.7525
0.3 0.211614 2.80784
0.305 0.215789 2.86192
0.31 0.220042 2.91543
0.315 0.22647 2.96845
0.32 0.234219 3.02213
0.325 0.244185 3.07849
0.33 0.25321 3.13506
0.335 0.256589 3.18968
0.34 0.259859 3.24343
0.345 0.268986 3.2964
0.35 0.277974 3.34942
0.355 0.28022 3.40401
0.36 0.283517 3.45822
0.365 0.296547 3.50949
0.37 0.310043 3.56103
0.375 0.315274 3.61613
0.38 0.319313 3.67185
0.385 0.326216 3.72607
0.39 0.336304 3.77962
0.395 0.354278 3.83213
0.4 0.371052 3.88509
0.405 0.376196 3.93956
0.41 0.378449 3.99648
0.415 0.382388 4.05975
0.42 0.390067 4.1215
0.425 0.408473 4.17136
0.43 0.427392 4.22075
0.435 0.435067 4.28113
0.44 0.44312 4.34209
0.445 0.463485 4.39621
0.45 0.483467 4.446
0.455 0.490653 4.48815
0.46 0.496135 4.53277
0.465 0.508856 4.59417
0.47 0.522849 4.65649
0.475 0.534813 4.70455
0.48 0.545698 4.75066
0.485 0.553639 4.80368
0.49 0.563789 4.8587
0.495 0.583779 4.91324
0.5 0.604313 4.96887
0.505 0.61602 5.0287
0.51 0.626753 5.0856
0.515 0.643463 5.13012
0.52 0.659483 5.17227
0.525 0.66871 5.22169
0.53 0.676407 5.26999
0.535 0.685166 5.30989
0.54 0.696897 5.34778
0.545 0.715984 5.38709
0.55 0.7376 5.42952
0.555 0.758894 5.48013
0.56 0.778321 5.5322
0.565 0.791122 5.5785
0.57 0.804088 5.62561
0.575 0.824633 5.67833
0.58 0.846129 5.73472
0.585 0.863396 5.79695
0.59 0.879501 5.85749
0.595 0.896496 5.90869
0.6 0.912249 5.95317
0.605 0.922501 5.98924
0.61 0.935688 6.02224
0.615 0.961408 6.05537
0.62 0.991916 6.0934
0.625 1.02419 6.14797
0.63 1.05366 6.20169
0.635 1.07079 6.23527
0.64 1.08742 6.266
0.645 1.11648 6.30786
0.65 1.14517 6.35152
0.655 1.16216 6.3913
0.66 1.17605 6.43011
0.665 1.18932 6.46917
0.67 1.2091 6.50781
0.675 1.24871 6.54574
0.68 1.29202 6.58304
0.685 1.3251 6.61965
0.69 1.35455 6.65572
0.695 1.38224 6.69085
0.7 1.4084 6.72663
0.705 1.43258 6.76672
0.71 1.45882 6.80456
0.715 1.49214 6.83351
0.72 1.52911 6.8575
0.725 1.5691 6.87625
0.73 1.60877 6.89577
0.735 1.64278 6.92472
0.74 1.67658 6.95482
0.745 1.71429 6.98003
0.75 1.75469 7.00219
0.755 1.80133 7.02162
0.76 1.84414 7.03682
0.765 1.86835 7.04541
0.77 1.89165 7.05032
0.775 1.93104 7.05433
0.78 1.97376 7.05556
0.785 2.01179 7.05323
0.79 2.0478 7.04688
0.795 2.083 7.03573
0.8 2.11367 7.01993
0.805 2.13636 6.99683
0.81 2.15151 6.97394
0.815 2.15792 6.96368
0.82 2.15715 6.94864
0.825 2.1513 6.9097
0.83 2.13749 6.86447
0.835 2.1121 6.82681
0.84 2.07951 6.78881
0.845 2.04494 6.74109
0.85 2.00229 6.70184
0.855 1.94275 6.69357
0.86 1.87968 6.69387
0.865 1.82532 6.68041
0.87 1.77427 6.67554
0.875 1.72527 6.7092
0.88 1.67819 6.73633
0.885 1.64154 6.71265
0.89 1.58805 6.66572
0.895 1.49941 6.60515
0.9 1.35728 6.54052
