nk
0.225 1 
H.Kato, S. Adachi, H.Nakanishi, K. Ohtsuka. “Optical Properties of (AlxGa1-x)0.5In0.5P Quaternary alloys”. Japan J. Appl. Phys. Vol 33 (1994) pp. 186-192,  0% Al content
311
0.225 1.52314 2.82314
0.2275 1.57733 2.88535
0.23 1.63863 2.94923
0.2325 1.70826 3.0141
0.235 1.78756 3.07891
0.2375 1.87787 3.14215
0.24 1.98044 3.20166
0.2425 2.09617 3.25458
0.245 2.22525 3.2973
0.2475 2.36677 3.32559
0.25 2.51824 3.33502
0.2525 2.67529 3.32161
0.255 2.83176 3.28285
0.2575 2.98036 3.21857
0.26 3.11394 3.13147
0.2625 3.22669 3.02692
0.265 3.31548 2.91183
0.2675 3.37993 2.79329
0.27 3.42201 2.67748
0.2725 3.44515 2.56891
0.275 3.45336 2.47036
0.2775 3.45054 2.38312
0.28 3.44013 2.30739
0.2825 3.42493 2.24266
0.285 3.40711 2.18802
0.2875 3.3883 2.14241
0.29 3.36966 2.10473
0.2925 3.35199 2.07391
0.295 3.33584 2.04901
0.2975 3.32157 2.02919
0.3 3.30937 2.0137
0.3025 3.29935 2.00192
0.305 3.29158 1.99333
0.3075 3.28604 1.98747
0.31 3.28272 1.98397
0.3125 3.28159 1.98254
0.315 3.28261 1.98291
0.3175 3.28576 1.98489
0.32 3.29102 1.9883
0.3225 3.2984 1.99302
0.325 3.30791 1.99893
0.3275 3.31962 2.00593
0.33 3.33362 2.01393
0.3325 3.34997 2.02299
0.335 3.36862 2.03344
0.3375 3.39038 2.04397
0.34 3.41516 2.05511
0.3425 3.44327 2.06661
0.345 3.47505 2.07818
0.3475 3.51086 2.08945
0.35 3.55105 2.09987
0.3525 3.59596 2.10877
0.355 3.64582 2.11531
0.3575 3.70073 2.11843
0.36 3.76052 2.11698
0.3625 3.82476 2.10967
0.365 3.8926 2.09522
0.3675 3.96278 2.0725
0.37 4.03369 2.04067
0.3725 4.10338 1.99932
0.375 4.16981 1.94861
0.3775 4.23099 1.88927
0.38 4.28523 1.8226
0.3825 4.33128 1.75025
0.385 4.36843 1.6741
0.3875 4.3965 1.596
0.39 4.41578 1.51775
0.3925 4.42691 1.44077
0.395 4.43079 1.36621
0.3975 4.42839 1.29491
0.4 4.42072 1.22739
0.4025 4.40874 1.16396
0.405 4.39333 1.10472
0.4075 4.37524 1.04964
0.41 4.35514 0.998564
0.4125 4.33358 0.951312
0.415 4.31101 0.907646
0.4175 4.2878 0.867315
0.42 4.26424 0.830063
0.4225 4.24057 0.795641
0.425 4.21697 0.763812
0.4275 4.19359 0.73435
0.43 4.17054 0.707049
0.4325 4.14788 0.681716
0.435 4.12572 0.65819
0.4375 4.10384 0.636204
0.44 4.08217 0.615575
0.4425 4.06163 0.596553
0.445 4.04161 0.578756
0.4475 4.02216 0.562095
0.45 4.00326 0.546471
0.4525 3.98492 0.531797
0.455 3.96714 0.518001
0.4575 3.94989 0.505008
0.46 3.93316 0.492754
0.4625 3.91695 0.48118
0.465 3.90123 0.470233
0.4675 3.88599 0.459866
0.47 3.87122 0.450034
0.4725 3.85689 0.440699
0.475 3.843 0.431824
0.4775 3.82953 0.423375
0.48 3.81647 0.415323
0.4825 3.8038 0.407639
0.485 3.7915 0.400298
0.4875 3.77957 0.393278
0.49 3.76798 0.386556
0.4925 3.75674 0.380113
0.495 3.74582 0.373929
0.4975 3.73522 0.367989
0.5 3.72492 0.362277
0.5025 3.71491 0.356779
0.505 3.70518 0.351481
0.5075 3.69573 0.346369
0.51 3.68653 0.341433
0.5125 3.6776 0.336663
0.515 3.6689 0.332048
0.5175 3.66044 0.327577
0.52 3.65221 0.323244
0.5225 3.6442 0.31904
0.525 3.63641 0.314956
0.5275 3.62882 0.310986
0.53 3.62143 0.307123
0.5325 3.61423 0.30336
0.535 3.60722 0.299691
0.5375 3.60038 0.29611
0.54 3.59373 0.292612
0.5425 3.58724 0.289192
0.545 3.58091 0.285845
0.5475 3.57474 0.282567
0.55 3.56873 0.279352
0.5525 3.56286 0.276197
0.555 3.55713 0.273097
0.5575 3.55154 0.270049
0.56 3.54609 0.267049
0.5625 3.54077 0.264093
0.565 3.53557 0.261178
0.5675 3.53049 0.258301
0.57 3.52553 0.255459
0.5725 3.52069 0.252647
0.575 3.51595 0.249864
0.5775 3.51132 0.247105
0.58 3.50679 0.244369
0.5825 3.50236 0.241653
0.585 3.49803 0.238952
0.5875 3.49378 0.236265
0.59 3.48963 0.23359
0.5925 3.48556 0.230923
0.595 3.48156 0.228261
0.5975 3.47765 0.225602
0.6 3.4738 0.222943
0.6025 3.47003 0.220282
0.605 3.46632 0.217615
0.6075 3.46267 0.21494
0.61 3.45908 0.212253
0.6125 3.45553 0.209552
0.615 3.45204 0.206836
0.6175 3.44858 0.2041
0.62 3.44516 0.201342
0.6225 3.44176 0.19856
0.625 3.43838 0.195752
0.6275 3.43501 0.192916
0.63 3.43165 0.190052
0.6325 3.42828 0.187159
0.635 3.42489 0.184238
0.6375 3.42146 0.181292
0.64 3.41799 0.178329
0.6425 3.41445 0.175358
0.645 3.41085 0.172391
0.6475 3.40715 0.169445
0.65 3.40337 0.166546
0.6525 3.3995 0.163716
0.655 3.39554 0.160982
0.6575 3.39151 0.158367
0.66 3.38743 0.155887
0.6625 3.38333 0.153552
0.665 3.37923 0.151364
0.6675 3.37516 0.149317
0.67 3.37112 0.147403
0.6725 3.36714 0.14561
0.675 3.36321 0.143927
0.6775 3.35936 0.142341
0.68 3.35558 0.140841
0.6825 3.35187 0.139418
0.685 3.34823 0.138063
0.6875 3.34467 0.136768
0.69 3.34117 0.135528
0.6925 3.33774 0.134336
0.695 3.33438 0.133188
0.6975 3.33109 0.13208
0.7 3.32785 0.131009
0.7025 3.32468 0.129971
0.705 3.32156 0.128964
0.7075 3.3185 0.127985
0.71 3.3155 0.127033
0.7125 3.31254 0.126105
0.715 3.30964 0.1252
0.7175 3.30679 0.124317
0.72 3.30398 0.123454
0.7225 3.30122 0.12261
0.725 3.29851 0.121785
0.7275 3.29584 0.120976
0.73 3.29321 0.120184
0.7325 3.29062 0.119408
0.735 3.28807 0.118647
0.7375 3.28556 0.1179
0.74 3.28309 0.117167
0.7425 3.28065 0.116447
0.745 3.27825 0.115739
0.7475 3.27589 0.115044
0.75 3.27355 0.11436
0.7525 3.27126 0.113689
0.755 3.26899 0.113027
0.7575 3.26675 0.112376
0.76 3.26455 0.111736
0.7625 3.26238 0.111106
0.765 3.26023 0.110484
0.7675 3.25812 0.109873
0.77 3.25603 0.109271
0.7725 3.25397 0.108676
0.775 3.25193 0.108091
0.7775 3.24992 0.107514
0.78 3.24794 0.106946
0.7825 3.24599 0.106384
0.785 3.24405 0.105831
0.7875 3.24214 0.105286
0.79 3.24026 0.104748
0.7925 3.2384 0.104217
0.795 3.23656 0.103692
0.7975 3.23475 0.103175
0.8 3.23295 0.102664
0.8025 3.23118 0.10216
0.805 3.22943 0.101662
0.8075 3.2277 0.101171
0.81 3.22599 0.100685
0.8125 3.2243 0.100206
0.815 3.22262 0.099732
0.8175 3.22097 0.099263
0.82 3.21934 0.098801
0.8225 3.21773 0.098344
0.825 3.21613 0.097892
0.8275 3.21455 0.097446
0.83 3.21299 0.097005
0.8325 3.21145 0.096568
0.835 3.20992 0.096137
0.8375 3.20842 0.095711
0.84 3.20692 0.095289
0.8425 3.20545 0.094872
0.845 3.20398 0.09446
0.8475 3.20254 0.094052
0.85 3.20111 0.093649
0.8525 3.1997 0.09325
0.855 3.1983 0.092855
0.8575 3.19691 0.092465
0.86 3.19554 0.092078
0.8625 3.19419 0.091696
0.865 3.19284 0.091317
0.8675 3.19151 0.090943
0.87 3.1902 0.090573
0.8725 3.1889 0.090206
0.875 3.18761 0.089843
0.8775 3.18634 0.089483
0.88 3.18507 0.089128
0.8825 3.18383 0.088775
0.885 3.18259 0.088426
0.8875 3.18136 0.088081
0.89 3.18015 0.087739
0.8925 3.17895 0.087401
0.895 3.17776 0.087065
0.8975 3.17658 0.086733
0.9 3.17542 0.086404
0.9025 3.17426 0.086078
0.905 3.17312 0.085755
0.9075 3.17199 0.085435
0.91 3.17086 0.085118
0.9125 3.16975 0.084805
0.915 3.16865 0.084494
0.9175 3.16756 0.084186
0.92 3.16648 0.08388
0.9225 3.16541 0.083578
0.925 3.16435 0.083278
0.9275 3.1633 0.082981
0.93 3.16226 0.082686
0.9325 3.16122 0.082395
0.935 3.1602 0.082105
0.9375 3.15919 0.081819
0.94 3.15819 0.081535
0.9425 3.15719 0.081253
0.945 3.15621 0.080974
0.9475 3.15523 0.080697
0.95 3.15426 0.080423
0.9525 3.1533 0.08015
0.955 3.15235 0.079881
0.9575 3.15141 0.079613
0.96 3.15047 0.079348
0.9625 3.14955 0.079084
0.965 3.14863 0.078823
0.9675 3.14772 0.078565
0.97 3.14681 0.078308
0.9725 3.14592 0.078053
0.975 3.14503 0.077801
0.9775 3.14415 0.07755
0.98 3.14328 0.077301
0.9825 3.14241 0.077055
0.985 3.14156 0.076811
0.9875 3.14071 0.076569
0.99 3.13986 0.076328
0.9925 3.13903 0.076089
0.995 3.1382 0.075853
0.9975 3.13737 0.075618
1 3.13656 0.075384
