nk
0.206642 0.826568 
SOPRA N&K Database, 49.1% Al content
226
0.206642 1.36607 2.41844
0.207333 1.36192 2.44042
0.208029 1.36594 2.45171
0.208729 1.36407 2.46467
0.209434 1.36221 2.48014
0.210144 1.36197 2.49276
0.210859 1.36379 2.50442
0.211579 1.36198 2.52409
0.212303 1.36325 2.53807
0.213033 1.36212 2.54951
0.213768 1.36417 2.57207
0.214507 1.36762 2.58869
0.215252 1.36813 2.60841
0.216002 1.37174 2.62493
0.216757 1.37653 2.64331
0.217518 1.37876 2.66604
0.218284 1.38597 2.68802
0.219055 1.39175 2.70943
0.219832 1.39665 2.73182
0.220614 1.40578 2.75685
0.221402 1.41203 2.7796
0.222196 1.42172 2.80355
0.222995 1.43085 2.82694
0.2238 1.44108 2.85215
0.224611 1.45146 2.87884
0.225428 1.46164 2.9033
0.22625 1.47497 2.93104
0.227079 1.48734 2.95594
0.227914 1.50181 2.98882
0.228755 1.51772 3.01505
0.229602 1.53251 3.0446
0.230456 1.55164 3.07322
0.231316 1.56859 3.10387
0.232182 1.58925 3.13442
0.233055 1.61013 3.16509
0.233934 1.63213 3.19917
0.23482 1.65303 3.23252
0.235713 1.67922 3.26581
0.236613 1.70387 3.30346
0.23752 1.7321 3.33744
0.238433 1.76292 3.37754
0.239354 1.79471 3.41527
0.240281 1.829 3.45444
0.241216 1.86619 3.49465
0.242159 1.90704 3.53618
0.243108 1.95127 3.57908
0.244065 2.00013 3.62082
0.24503 2.05279 3.66346
0.246002 2.11356 3.70622
0.246982 2.17882 3.74823
0.24797 2.24985 3.78674
0.248966 2.32901 3.82204
0.24997 2.41458 3.85405
0.250982 2.50357 3.87775
0.252002 2.59543 3.89439
0.253031 2.68614 3.90384
0.254068 2.77885 3.91105
0.255114 2.87217 3.91479
0.256168 2.97113 3.91722
0.257231 3.07557 3.91276
0.258302 3.1868 3.8985
0.259383 3.30004 3.87134
0.260473 3.41484 3.83264
0.261572 3.52351 3.78039
0.26268 3.63026 3.71832
0.263798 3.73128 3.64509
0.264926 3.82492 3.56051
0.266063 3.90696 3.46566
0.267209 3.9775 3.36181
0.268366 4.03205 3.25444
0.269533 4.0717 3.14649
0.27071 4.09888 3.04003
0.271897 4.11508 2.93839
0.273095 4.12009 2.84211
0.274303 4.11747 2.75093
0.275523 4.10726 2.6679
0.276753 4.09394 2.59076
0.277994 4.07546 2.5214
0.279246 4.05466 2.45849
0.280509 4.03266 2.40183
0.281785 4.00901 2.35048
0.283071 3.98511 2.30384
0.28437 3.96172 2.26177
0.28568 3.93806 2.22428
0.287003 3.91623 2.19039
0.288338 3.89401 2.15906
0.289685 3.87272 2.13171
0.291045 3.85263 2.10644
0.292418 3.83341 2.08355
0.293804 3.81479 2.06357
0.295203 3.79777 2.04599
0.296615 3.78256 2.02917
0.298041 3.76841 2.0149
0.299481 3.75463 2.00184
0.300935 3.74232 1.98955
0.302403 3.73018 1.97956
0.303885 3.7202 1.97031
0.305382 3.71065 1.96276
0.306894 3.70249 1.95581
0.308421 3.69542 1.94966
0.309963 3.68833 1.94477
0.311521 3.68262 1.94078
0.313094 3.67822 1.93749
0.314683 3.67453 1.93511
0.316289 3.6729 1.93358
0.317911 3.67066 1.93299
0.319549 3.67027 1.93319
0.321205 3.67042 1.93436
0.322878 3.67261 1.9362
0.324569 3.67593 1.93837
0.326277 3.68007 1.94199
0.328003 3.68587 1.94563
0.329748 3.69327 1.9503
0.331511 3.70175 1.95599
0.333293 3.71208 1.962
0.335095 3.72435 1.96938
0.336916 3.73846 1.97753
0.338757 3.75478 1.98632
0.340619 3.77323 1.99612
0.342501 3.7951 2.0068
0.344403 3.82151 2.01746
0.346327 3.85177 2.02852
0.348273 3.88812 2.03864
0.350241 3.93078 2.04701
0.352231 3.97963 2.05145
0.354243 4.03394 2.04885
0.356279 4.09084 2.0378
0.358339 4.14768 2.01714
0.360422 4.20132 1.98962
0.36253 4.25076 1.95676
0.364662 4.29398 1.92157
0.36682 4.33562 1.88679
0.369004 4.37605 1.85366
0.371213 4.41962 1.82065
0.373449 4.46822 1.7872
0.375713 4.52522 1.74848
0.378004 4.58702 1.69661
0.380323 4.64826 1.62877
0.38267 4.70052 1.5419
0.385047 4.73691 1.44302
0.387454 4.75351 1.33959
0.389891 4.75225 1.23923
0.392358 4.73689 1.14768
0.394857 4.71441 1.06312
0.397388 4.68553 0.99099
0.399952 4.6539 0.926633
0.402549 4.62053 0.867606
0.40518 4.58716 0.8134
0.407846 4.55238 0.765616
0.410547 4.51718 0.723221
0.413284 4.48295 0.683894
0.416058 4.44933 0.650906
0.418869 4.41717 0.619621
0.421718 4.3871 0.587958
0.424607 4.35699 0.560417
0.427535 4.3278 0.534196
0.430504 4.29958 0.509222
0.433515 4.27192 0.487916
0.436568 4.24485 0.467444
0.439664 4.21969 0.447928
0.442804 4.19465 0.42868
0.44599 4.17065 0.412486
0.449222 4.14691 0.396229
0.452501 4.12475 0.379811
0.455828 4.10186 0.367931
0.459204 4.0805 0.355479
0.462631 4.0602 0.342568
0.46611 4.03914 0.331979
0.469641 4.02105 0.319081
0.473226 4.00054 0.30928
0.476866 3.98516 0.292655
0.480563 3.96665 0.283212
0.484317 3.95066 0.271499
0.488131 3.93429 0.261408
0.492005 3.91789 0.253297
0.495941 3.90325 0.245263
0.49994 3.8884 0.23777
0.504005 3.87535 0.231091
0.508136 3.86286 0.223058
0.512335 3.85107 0.214542
0.516605 3.83759 0.204766
0.520946 3.82373 0.19625
0.525361 3.80895 0.186812
0.529851 3.79309 0.178424
0.534419 3.77698 0.170402
0.539066 3.76067 0.164004
0.543795 3.74633 0.1581
0.548607 3.73207 0.151523
0.553505 3.71894 0.145543
0.558492 3.70614 0.139188
0.563569 3.69559 0.133143
0.568739 3.68572 0.1249
0.574005 3.676 0.116143
0.57937 3.66641 0.107562
0.584836 3.66042 0.100435
0.590406 3.66429 0.08786
0.596083 3.66373 0.052623
0.60187 3.63574 0.02007
0.60777 3.60664 0.004063
0.613788 3.57808 0.000955
0.619926 3.55793 0.001719
0.626188 3.53791 0.001192
0.632577 3.52204 0.003206
0.639099 3.50776 0.002227
0.645756 3.49302 0.000944
0.652554 3.47695 3.2e-05
0.659496 3.4621 0.002422
0.666587 3.45128 0.003546
0.673833 3.43949 0.002381
0.681237 3.4278 0.001278
0.688807 3.41693 0.000117
0.696546 3.40706 0
0.704461 3.39672 0
0.712559 3.38527 0
0.720844 3.3755 0
0.729325 3.3681 0
0.738007 3.36056 0
0.746899 3.35204 0
0.756007 3.34339 0
0.765341 3.33636 0
0.774907 3.32852 0
0.784716 3.32005 0
0.794777 3.31198 0
0.805099 3.30335 0
0.815692 3.29302 0
0.826568 3.28329 0
