nk
0.225 1 
H.Kato, S. Adachi, H.Nakanishi, K. Ohtsuka. “Optical Properties of (AlxGa1-x)0.5In0.5P Quaternary alloys”. Japan J. Appl. Phys. Vol 33 (1994) pp. 186-192,  60% Al content
311
0.225 1.57365 2.61159
0.2275 1.61342 2.66416
0.23 1.65828 2.71976
0.2325 1.70948 2.77828
0.235 1.76851 2.83936
0.2375 1.83713 2.9022
0.24 1.91731 2.96541
0.2425 2.0111 3.02671
0.245 2.12028 3.08273
0.2475 2.24584 3.12876
0.25 2.38712 3.15884
0.2525 2.54085 3.16643
0.255 2.7005 3.14578
0.2575 2.85649 3.09397
0.26 2.99802 3.01261
0.2625 3.11566 2.90837
0.265 3.20422 2.79116
0.2675 3.26338 2.67141
0.27 3.29677 2.55762
0.2725 3.31005 2.45526
0.275 3.30919 2.36686
0.2775 3.29943 2.29284
0.28 3.28487 2.23229
0.2825 3.2685 2.18372
0.285 3.25234 2.14544
0.2875 3.23773 2.11581
0.29 3.2255 2.09336
0.2925 3.21611 2.07685
0.295 3.20985 2.06523
0.2975 3.20683 2.05762
0.3 3.2071 2.05333
0.3025 3.2107 2.05176
0.305 3.21762 2.05243
0.3075 3.22791 2.05491
0.31 3.24157 2.05894
0.3125 3.25849 2.0647
0.315 3.27929 2.07054
0.3175 3.30382 2.07679
0.32 3.33225 2.08303
0.3225 3.36476 2.08876
0.325 3.40147 2.09342
0.3275 3.44249 2.09634
0.33 3.4878 2.09675
0.3325 3.53729 2.09379
0.335 3.59062 2.08651
0.3375 3.64722 2.074
0.34 3.70626 2.05536
0.3425 3.76667 2.02987
0.345 3.82711 1.99705
0.3475 3.88612 1.95676
0.35 3.94219 1.90924
0.3525 3.9939 1.85512
0.355 4.04006 1.79538
0.3575 4.07977 1.73124
0.36 4.1125 1.66406
0.3625 4.13807 1.59522
0.365 4.15663 1.526
0.3675 4.16861 1.45752
0.37 4.17457 1.3907
0.3725 4.17522 1.32624
0.375 4.17129 1.26463
0.3775 4.1635 1.20619
0.38 4.15253 1.15107
0.3825 4.139 1.09933
0.385 4.12344 1.05091
0.3875 4.10634 1.00571
0.39 4.0881 0.963598
0.3925 4.06905 0.924395
0.395 4.04947 0.887915
0.3975 4.02958 0.853969
0.4 4.00958 0.822369
0.4025 3.98961 0.792935
0.405 3.96981 0.765507
0.4075 3.95005 0.739819
0.41 3.93022 0.715633
0.4125 3.91135 0.693287
0.415 3.89284 0.672339
0.4175 3.87478 0.65269
0.42 3.85716 0.634231
0.4225 3.84001 0.616864
0.425 3.82333 0.600503
0.4275 3.80713 0.585063
0.43 3.7914 0.570469
0.4325 3.77614 0.556656
0.435 3.76134 0.54356
0.4375 3.747 0.531124
0.44 3.7331 0.519297
0.4425 3.71963 0.50803
0.445 3.70659 0.497281
0.4475 3.69396 0.48701
0.45 3.68173 0.477178
0.4525 3.66988 0.467751
0.455 3.6584 0.458703
0.4575 3.6473 0.450001
0.46 3.63654 0.44162
0.4625 3.62612 0.433534
0.465 3.61603 0.42572
0.4675 3.60625 0.418157
0.47 3.59678 0.410823
0.4725 3.58761 0.403701
0.475 3.57872 0.396774
0.4775 3.5701 0.390024
0.48 3.56174 0.383435
0.4825 3.55364 0.376991
0.485 3.54578 0.370679
0.4875 3.53816 0.364485
0.49 3.53076 0.358396
0.4925 3.52357 0.352398
0.495 3.51659 0.346478
0.4975 3.50981 0.340625
0.5 3.50321 0.334825
0.5025 3.49679 0.329066
0.505 3.49053 0.323337
0.5075 3.48444 0.317623
0.51 3.47848 0.311911
0.5125 3.47266 0.306188
0.515 3.46696 0.300438
0.5175 3.46136 0.294647
0.52 3.45584 0.2888
0.5225 3.45039 0.282879
0.525 3.44498 0.276866
0.5275 3.43957 0.270741
0.53 3.43413 0.264486
0.5325 3.42859 0.258088
0.535 3.42289 0.251538
0.5375 3.41693 0.244852
0.54 3.41059 0.238085
0.5425 3.40377 0.231359
0.545 3.3964 0.224879
0.5475 3.38856 0.218883
0.55 3.38044 0.213537
0.5525 3.37228 0.208864
0.555 3.36426 0.204782
0.5575 3.35648 0.201173
0.56 3.34896 0.197931
0.5625 3.34171 0.194974
0.565 3.33473 0.19224
0.5675 3.32798 0.189686
0.57 3.32146 0.187279
0.5725 3.31515 0.184997
0.575 3.30904 0.182821
0.5775 3.3031 0.180737
0.58 3.29733 0.178734
0.5825 3.29171 0.176804
0.585 3.28625 0.174939
0.5875 3.28092 0.173136
0.59 3.27572 0.171386
0.5925 3.27064 0.169688
0.595 3.26568 0.168037
0.5975 3.26084 0.166431
0.6 3.2561 0.164866
0.6025 3.25146 0.163341
0.605 3.24693 0.161853
0.6075 3.24248 0.160401
0.61 3.23813 0.158982
0.6125 3.23386 0.157596
0.615 3.22967 0.156241
0.6175 3.22557 0.154915
0.62 3.22154 0.153617
0.6225 3.21759 0.152347
0.625 3.21371 0.151103
0.6275 3.2099 0.149884
0.63 3.20616 0.14869
0.6325 3.20248 0.147518
0.635 3.19887 0.146371
0.6375 3.19532 0.145244
0.64 3.19184 0.144139
0.6425 3.18841 0.143054
0.645 3.18503 0.14199
0.6475 3.18172 0.140944
0.65 3.17845 0.139917
0.6525 3.17524 0.138909
0.655 3.17208 0.137918
0.6575 3.16897 0.136944
0.66 3.16591 0.135987
0.6625 3.1629 0.135047
0.665 3.15993 0.134122
0.6675 3.15701 0.133212
0.67 3.15413 0.132318
0.6725 3.1513 0.131438
0.675 3.1485 0.130572
0.6775 3.14575 0.12972
0.68 3.14304 0.128881
0.6825 3.14037 0.128056
0.685 3.13773 0.127244
0.6875 3.13514 0.126443
0.69 3.13258 0.125655
0.6925 3.13005 0.124879
0.695 3.12756 0.124115
0.6975 3.12511 0.123362
0.7 3.12269 0.12262
0.7025 3.1203 0.121889
0.705 3.11795 0.121168
0.7075 3.11562 0.120458
0.71 3.11333 0.119757
0.7125 3.11107 0.119068
0.715 3.10884 0.118387
0.7175 3.10663 0.117716
0.72 3.10446 0.117054
0.7225 3.10231 0.116402
0.725 3.10019 0.115758
0.7275 3.0981 0.115122
0.73 3.09604 0.114496
0.7325 3.094 0.113877
0.735 3.09198 0.113267
0.7375 3.08999 0.112665
0.74 3.08803 0.11207
0.7425 3.08609 0.111484
0.745 3.08418 0.110904
0.7475 3.08228 0.110333
0.75 3.08041 0.109768
0.7525 3.07857 0.109211
0.755 3.07674 0.10866
0.7575 3.07494 0.108116
0.76 3.07315 0.107579
0.7625 3.07139 0.107049
0.765 3.06965 0.106524
0.7675 3.06793 0.106007
0.77 3.06623 0.105495
0.7725 3.06455 0.10499
0.775 3.06289 0.10449
0.7775 3.06125 0.103996
0.78 3.05962 0.103508
0.7825 3.05802 0.103026
0.785 3.05643 0.102549
0.7875 3.05486 0.102078
0.79 3.05331 0.101612
0.7925 3.05177 0.101152
0.795 3.05025 0.100696
0.7975 3.04875 0.100246
0.8 3.04727 0.0998
0.8025 3.0458 0.09936
0.805 3.04434 0.098924
0.8075 3.04291 0.098493
0.81 3.04148 0.098067
0.8125 3.04008 0.097645
0.815 3.03868 0.097228
0.8175 3.03731 0.096815
0.82 3.03594 0.096407
0.8225 3.03459 0.096003
0.825 3.03326 0.095603
0.8275 3.03194 0.095207
0.83 3.03063 0.094815
0.8325 3.02934 0.094428
0.835 3.02805 0.094044
0.8375 3.02678 0.093664
0.84 3.02553 0.093289
0.8425 3.02429 0.092916
0.845 3.02306 0.092548
0.8475 3.02184 0.092183
0.85 3.02063 0.091822
0.8525 3.01944 0.091464
0.855 3.01826 0.09111
0.8575 3.01709 0.09076
0.86 3.01593 0.090412
0.8625 3.01478 0.090068
0.865 3.01364 0.089728
0.8675 3.01252 0.08939
0.87 3.0114 0.089056
0.8725 3.0103 0.088725
0.875 3.0092 0.088397
0.8775 3.00812 0.088072
0.88 3.00705 0.08775
0.8825 3.00598 0.087431
0.885 3.00493 0.087115
0.8875 3.00389 0.086802
0.89 3.00285 0.086492
0.8925 3.00183 0.086184
0.895 3.00082 0.08588
0.8975 2.99981 0.085578
0.9 2.99882 0.085278
0.9025 2.99783 0.084982
0.905 2.99685 0.084688
0.9075 2.99588 0.084396
0.91 2.99492 0.084107
0.9125 2.99397 0.083821
0.915 2.99302 0.083537
0.9175 2.99209 0.083256
0.92 2.99116 0.082977
0.9225 2.99024 0.0827
0.925 2.98934 0.082426
0.9275 2.98843 0.082154
0.93 2.98754 0.081884
0.9325 2.98665 0.081617
0.935 2.98577 0.081352
0.9375 2.9849 0.081089
0.94 2.98404 0.080828
0.9425 2.98318 0.080569
0.945 2.98233 0.080313
0.9475 2.98149 0.080058
0.95 2.98066 0.079806
0.9525 2.97983 0.079555
0.955 2.97901 0.079307
0.9575 2.97819 0.07906
0.96 2.97739 0.078817
0.9625 2.97659 0.078574
0.965 2.97579 0.078333
0.9675 2.97501 0.078095
0.97 2.97423 0.077858
0.9725 2.97345 0.077623
0.975 2.97268 0.077389
0.9775 2.97192 0.077159
0.98 2.97117 0.076929
0.9825 2.97042 0.076701
0.985 2.96968 0.076475
0.9875 2.96894 0.076251
0.99 2.96821 0.076028
0.9925 2.96748 0.075807
0.995 2.96676 0.075588
0.9975 2.96605 0.075371
1 2.96534 0.075155
