nk
0.206642 0.826568 
SOPRA N&K Database 70% Al content
226
0.206642 1.37713 2.42638
0.207333 1.36339 2.44072
0.208029 1.37288 2.46759
0.208729 1.37142 2.47072
0.209434 1.36767 2.48495
0.210144 1.36606 2.49328
0.210859 1.36336 2.51162
0.211579 1.36597 2.53361
0.212303 1.36354 2.5439
0.213033 1.36342 2.56269
0.213768 1.36519 2.58069
0.214507 1.36833 2.60098
0.215252 1.36831 2.62093
0.216002 1.36863 2.64261
0.216757 1.37148 2.66697
0.217518 1.37475 2.68831
0.218284 1.3811 2.70913
0.219055 1.38362 2.73341
0.219832 1.39391 2.75968
0.220614 1.39934 2.78244
0.221402 1.40703 2.8086
0.222196 1.41566 2.83626
0.222995 1.42617 2.86165
0.2238 1.43675 2.88872
0.224611 1.44759 2.91811
0.225428 1.46146 2.9461
0.22625 1.47376 2.97385
0.227079 1.48967 3.00444
0.227914 1.50587 3.03647
0.228755 1.52399 3.06764
0.229602 1.54434 3.09857
0.230456 1.56227 3.13326
0.231316 1.585 3.16638
0.232182 1.60818 3.19841
0.233055 1.63337 3.23284
0.233934 1.66155 3.2687
0.23482 1.69043 3.30378
0.235713 1.7212 3.33796
0.236613 1.75632 3.37398
0.23752 1.78867 3.40882
0.238433 1.82835 3.44515
0.239354 1.86727 3.48064
0.240281 1.90939 3.51484
0.241216 1.95327 3.55034
0.242159 1.99957 3.58555
0.243108 2.04896 3.62
0.244065 2.10117 3.65501
0.24503 2.1566 3.68891
0.246002 2.21619 3.72261
0.246982 2.28262 3.75674
0.24797 2.35433 3.78839
0.248966 2.43099 3.81599
0.24997 2.5127 3.83945
0.250982 2.59862 3.85865
0.252002 2.68694 3.86939
0.253031 2.77674 3.87334
0.254068 2.86257 3.87199
0.255114 2.94875 3.86515
0.256168 3.03282 3.85951
0.257231 3.11896 3.85647
0.258302 3.21356 3.85342
0.259383 3.32056 3.84449
0.260473 3.43858 3.81882
0.261572 3.5548 3.77184
0.26268 3.66111 3.70752
0.263798 3.7583 3.63705
0.264926 3.85067 3.56385
0.266063 3.93841 3.48245
0.267209 4.02373 3.3845
0.268366 4.09506 3.27114
0.269533 4.14416 3.14941
0.27071 4.1711 3.02851
0.271897 4.17847 2.91641
0.273095 4.17365 2.81505
0.274303 4.15998 2.72486
0.275523 4.14185 2.64471
0.276753 4.11885 2.57456
0.277994 4.09607 2.51266
0.279246 4.07381 2.4577
0.280509 4.0512 2.40841
0.281785 4.02819 2.36498
0.283071 4.00622 2.32625
0.28437 3.9859 2.29135
0.28568 3.96641 2.26038
0.287003 3.94919 2.23225
0.288338 3.93209 2.20607
0.289685 3.91578 2.18355
0.291045 3.90195 2.16229
0.292418 3.88866 2.14353
0.293804 3.8774 2.12676
0.295203 3.86769 2.11118
0.296615 3.85862 2.09748
0.298041 3.85083 2.08506
0.299481 3.84484 2.07416
0.300935 3.83997 2.06391
0.302403 3.83543 2.05521
0.303885 3.83292 2.04718
0.305382 3.83183 2.03964
0.306894 3.83188 2.03321
0.308421 3.83274 2.02772
0.309963 3.83551 2.02277
0.311521 3.83885 2.01884
0.313094 3.84416 2.01496
0.314683 3.85084 2.01239
0.316289 3.85898 2.00973
0.317911 3.86816 2.00847
0.319549 3.87982 2.00713
0.321205 3.89262 2.00678
0.322878 3.90818 2.00662
0.324569 3.9263 2.00606
0.326277 3.94665 2.00633
0.328003 3.96954 2.00635
0.329748 3.99812 2.00557
0.331511 4.02881 2.00392
0.333293 4.06414 1.99996
0.335095 4.10316 1.99299
0.336916 4.14513 1.98148
0.338757 4.18923 1.96422
0.340619 4.23388 1.94016
0.342501 4.27779 1.91112
0.344403 4.31893 1.87746
0.346327 4.35716 1.84077
0.348273 4.39308 1.80163
0.350241 4.42838 1.76228
0.352231 4.46417 1.72125
0.354243 4.50202 1.67763
0.356279 4.54129 1.62967
0.358339 4.58022 1.5743
0.360422 4.61644 1.51012
0.36253 4.64622 1.43607
0.364662 4.6653 1.35662
0.36682 4.67305 1.27464
0.369004 4.67014 1.19359
0.371213 4.65746 1.11689
0.373449 4.63826 1.046
0.375713 4.61461 0.980544
0.378004 4.588 0.922876
0.380323 4.55949 0.871261
0.38267 4.53125 0.821262
0.385047 4.5016 0.776048
0.387454 4.47112 0.735347
0.389891 4.44024 0.698813
0.392358 4.41034 0.662975
0.394857 4.38096 0.631594
0.397388 4.35253 0.601742
0.399952 4.32525 0.573806
0.402549 4.2984 0.547024
0.40518 4.27203 0.523809
0.407846 4.24588 0.501208
0.410547 4.22036 0.479703
0.413284 4.19578 0.459579
0.416058 4.17179 0.440168
0.418869 4.14858 0.423019
0.421718 4.12645 0.407245
0.424607 4.10457 0.390157
0.427535 4.08384 0.374203
0.430504 4.0637 0.35787
0.433515 4.04363 0.343953
0.436568 4.02398 0.330243
0.439664 4.00533 0.319175
0.442804 3.98745 0.306713
0.44599 3.97011 0.293654
0.449222 3.95278 0.282638
0.452501 3.93695 0.27217
0.455828 3.92151 0.258797
0.459204 3.90639 0.24561
0.462631 3.89054 0.23288
0.46611 3.87311 0.221756
0.469641 3.85653 0.210009
0.473226 3.83875 0.19726
0.476866 3.82299 0.184156
0.480563 3.80605 0.173079
0.484317 3.79049 0.162808
0.488131 3.77511 0.150951
0.492005 3.75974 0.139912
0.495941 3.7455 0.129233
0.49994 3.73177 0.117806
0.504005 3.7193 0.107747
0.508136 3.70824 0.095633
0.512335 3.69973 0.085309
0.516605 3.6959 0.069926
0.520946 3.69143 0.052767
0.525361 3.67378 0.027538
0.529851 3.6466 0.012921
0.534419 3.6193 0.0042
0.539066 3.59466 0.001911
0.543795 3.57185 0.000222
0.548607 3.55195 0.001128
0.553505 3.53334 0.001035
0.558492 3.51747 0.001675
0.563569 3.5004 0.000294
0.568739 3.48463 0.00093
0.574005 3.46868 0.000243
0.57937 3.45302 0.000686
0.584836 3.43888 0.001262
0.590406 3.42464 0.000243
0.596083 3.41001 0.000632
0.60187 3.3969 3e-06
0.60777 3.38397 0
0.613788 3.37261 0
0.619926 3.36054 0
0.626188 3.3482 0
0.632577 3.33763 0
0.639099 3.32624 0
0.645756 3.31572 0
0.652554 3.30575 0
0.659496 3.29569 0
0.666587 3.28653 0
0.673833 3.27873 0
0.681237 3.26953 0
0.688807 3.26139 0
0.696546 3.2538 0
0.704461 3.24609 0
0.712559 3.23902 0
0.720844 3.23152 0
0.729325 3.22455 0
0.738007 3.21686 0
0.746899 3.20921 0
0.756007 3.20214 0
0.765341 3.19457 0
0.774907 3.18769 0
0.784716 3.18073 0
0.794777 3.17377 0
0.805099 3.16679 0
0.815692 3.15979 0
0.826568 3.15278 0
