nk
0.206642 0.826568 
SOPRA N&K Database 59% Al content
226
0.206642 1.38522 2.41968
0.207333 1.37426 2.43886
0.208029 1.38473 2.44405
0.208729 1.37603 2.45656
0.209434 1.37133 2.47176
0.210144 1.37038 2.48582
0.210859 1.37122 2.49513
0.211579 1.36911 2.51134
0.212303 1.36584 2.53508
0.213033 1.3681 2.5478
0.213768 1.3704 2.56502
0.214507 1.37412 2.58845
0.215252 1.37868 2.60555
0.216002 1.37997 2.6248
0.216757 1.3861 2.64686
0.217518 1.3891 2.669
0.218284 1.39268 2.69004
0.219055 1.39858 2.71322
0.219832 1.407 2.73641
0.220614 1.41197 2.75995
0.221402 1.42194 2.78461
0.222196 1.43088 2.81044
0.222995 1.44235 2.83675
0.2238 1.4524 2.86063
0.224611 1.46257 2.88843
0.225428 1.47497 2.91532
0.22625 1.48951 2.94218
0.227079 1.50282 2.97061
0.227914 1.51741 2.99858
0.228755 1.53518 3.02975
0.229602 1.55344 3.05922
0.230456 1.5721 3.08952
0.231316 1.59197 3.12001
0.232182 1.61416 3.15205
0.233055 1.63647 3.18435
0.233934 1.6605 3.21666
0.23482 1.68598 3.25048
0.235713 1.71269 3.28443
0.236613 1.74041 3.31926
0.23752 1.77258 3.35441
0.238433 1.80497 3.39187
0.239354 1.83884 3.42893
0.240281 1.87728 3.4655
0.241216 1.91791 3.50382
0.242159 1.96121 3.54188
0.243108 2.0071 3.58109
0.244065 2.05689 3.62035
0.24503 2.11211 3.65899
0.246002 2.17153 3.69765
0.246982 2.23724 3.73572
0.24797 2.30443 3.7719
0.248966 2.38259 3.80203
0.24997 2.46583 3.83173
0.250982 2.55478 3.85576
0.252002 2.64645 3.86998
0.253031 2.73993 3.88072
0.254068 2.83152 3.88339
0.255114 2.92402 3.88179
0.256168 3.0159 3.88018
0.257231 3.11337 3.87689
0.258302 3.22066 3.86632
0.259383 3.33502 3.84402
0.260473 3.45233 3.80283
0.261572 3.56147 3.75001
0.26268 3.66542 3.6896
0.263798 3.76242 3.61726
0.264926 3.85809 3.53676
0.266063 3.94709 3.44332
0.267209 4.02241 3.3368
0.268366 4.07986 3.22356
0.269533 4.12032 3.10655
0.27071 4.14435 2.99327
0.271897 4.15511 2.8877
0.273095 4.1529 2.78947
0.274303 4.14271 2.69874
0.275523 4.12739 2.61566
0.276753 4.10915 2.54344
0.277994 4.08538 2.47806
0.279246 4.06462 2.41818
0.280509 4.03989 2.36529
0.281785 4.01485 2.31796
0.283071 3.99031 2.2751
0.28437 3.96786 2.2373
0.28568 3.94685 2.20115
0.287003 3.92383 2.17101
0.288338 3.90326 2.14221
0.289685 3.88312 2.1177
0.291045 3.86434 2.09465
0.292418 3.84785 2.07343
0.293804 3.83118 2.05468
0.295203 3.81539 2.03821
0.296615 3.80177 2.02326
0.298041 3.78947 2.00959
0.299481 3.77794 1.99832
0.300935 3.76793 1.98733
0.302403 3.7582 1.97826
0.303885 3.75032 1.96921
0.305382 3.74314 1.96215
0.306894 3.73705 1.95567
0.308421 3.73178 1.9508
0.309963 3.72846 1.94664
0.311521 3.72517 1.94158
0.313094 3.72203 1.93976
0.314683 3.72234 1.93746
0.316289 3.72288 1.9366
0.317911 3.72496 1.93533
0.319549 3.7267 1.93599
0.321205 3.73042 1.93637
0.322878 3.73616 1.93817
0.324569 3.74302 1.94061
0.326277 3.75049 1.94395
0.328003 3.76046 1.94825
0.329748 3.77278 1.9534
0.331511 3.78572 1.9584
0.333293 3.80288 1.96566
0.335095 3.82157 1.97264
0.336916 3.84416 1.9799
0.338757 3.87041 1.98738
0.340619 3.90111 1.99432
0.342501 3.93713 1.99921
0.344403 3.97671 2.00207
0.346327 4.0228 2.00054
0.348273 4.07141 1.99227
0.350241 4.12447 1.97491
0.352231 4.17401 1.95382
0.354243 4.2238 1.92446
0.356279 4.26865 1.89356
0.358339 4.31067 1.85849
0.360422 4.34729 1.82526
0.36253 4.38625 1.78977
0.364662 4.42929 1.7537
0.36682 4.4784 1.71363
0.369004 4.5284 1.66803
0.371213 4.58117 1.60845
0.373449 4.62739 1.53547
0.375713 4.66554 1.44959
0.378004 4.68729 1.35825
0.380323 4.69322 1.26873
0.38267 4.68728 1.18228
0.385047 4.67204 1.10116
0.387454 4.64935 1.0277
0.389891 4.62171 0.960608
0.392358 4.59139 0.900243
0.394857 4.56056 0.845132
0.397388 4.5284 0.798147
0.399952 4.49712 0.753889
0.402549 4.46566 0.714029
0.40518 4.43385 0.677774
0.407846 4.40328 0.643487
0.410547 4.37263 0.612053
0.413284 4.34258 0.583765
0.416058 4.31428 0.557339
0.418869 4.28685 0.531772
0.421718 4.26018 0.511106
0.424607 4.23407 0.489616
0.427535 4.20845 0.467186
0.430504 4.18388 0.447993
0.433515 4.15988 0.430026
0.436568 4.13624 0.413799
0.439664 4.11405 0.39763
0.442804 4.09229 0.383571
0.44599 4.07124 0.36832
0.449222 4.0507 0.354118
0.452501 4.03098 0.34011
0.455828 4.01094 0.327988
0.459204 3.99214 0.317425
0.462631 3.97395 0.308045
0.46611 3.95572 0.297674
0.469641 3.94038 0.284383
0.473226 3.92263 0.276433
0.476866 3.90846 0.262038
0.480563 3.89285 0.253066
0.484317 3.87982 0.241045
0.488131 3.86601 0.231241
0.492005 3.85192 0.220794
0.495941 3.83723 0.205745
0.49994 3.82105 0.197571
0.504005 3.80499 0.186669
0.508136 3.78886 0.17571
0.512335 3.77317 0.166445
0.516605 3.7579 0.157464
0.520946 3.74313 0.151328
0.525361 3.72932 0.142986
0.529851 3.71506 0.138534
0.534419 3.7022 0.131755
0.539066 3.68991 0.126079
0.543795 3.67838 0.11919
0.548607 3.66913 0.114244
0.553505 3.66553 0.1057
0.558492 3.66494 0.089627
0.563569 3.65808 0.062329
0.568739 3.638 0.036872
0.574005 3.61337 0.020605
0.57937 3.5895 0.012176
0.584836 3.56628 0.006924
0.590406 3.54602 0.004757
0.596083 3.52691 0.004122
0.60187 3.51274 0.003347
0.60777 3.49527 0.00079
0.613788 3.48108 0.001657
0.619926 3.46646 0.000349
0.626188 3.45287 0.001119
0.632577 3.44035 0.001218
0.639099 3.42889 0.00056
0.645756 3.41596 0.000156
0.652554 3.40456 0.001675
0.659496 3.39483 4.9e-05
0.666587 3.38151 0
0.673833 3.37187 0
0.681237 3.3629 0
0.688807 3.35351 0
0.696546 3.34388 0
0.704461 3.33523 0
0.712559 3.32752 0
0.720844 3.32006 0
0.729325 3.31257 0
0.738007 3.30426 0
0.746899 3.29672 0
0.756007 3.28916 0
0.765341 3.28154 0
0.774907 3.27434 0
0.784716 3.26723 0
0.794777 3.25898 0
0.805099 3.25103 0
0.815692 3.2441 0
0.826568 3.23728 0
