nk
0.225 1 
H.Kato, S. Adachi, H.Nakanishi, K. Ohtsuka. “Optical Properties of (AlxGa1-x)0.5In0.5P Quaternary alloys”. Japan J. Appl. Phys. Vol 33 (1994) pp. 186-192,  100% Al content
311
0.225 1.53147 2.5638
0.2275 1.57406 2.61632
0.23 1.62229 2.67136
0.2325 1.67739 2.72859
0.235 1.74075 2.78735
0.2375 1.81395 2.84655
0.24 1.89861 2.90446
0.2425 1.99619 2.95852
0.245 2.10766 3.00524
0.2475 2.23299 3.04016
0.25 2.3704 3.05812
0.2525 2.51585 3.05404
0.255 2.6627 3.02407
0.2575 2.80204 2.9672
0.26 2.9242 2.8877
0.2625 3.02582 2.79373
0.265 3.10416 2.69014
0.2675 3.15819 2.58489
0.27 3.19056 2.48487
0.2725 3.20565 2.39469
0.275 3.20826 2.31676
0.2775 3.20279 2.2518
0.28 3.19288 2.19941
0.2825 3.18138 2.15858
0.285 3.17037 2.12814
0.2875 3.16116 2.10735
0.29 3.15556 2.09359
0.2925 3.1541 2.08639
0.295 3.1575 2.08462
0.2975 3.16636 2.08724
0.3 3.1812 2.0932
0.3025 3.20249 2.10144
0.305 3.23064 2.11084
0.3075 3.26597 2.12012
0.31 3.30862 2.12791
0.3125 3.35856 2.13265
0.315 3.41539 2.13272
0.3175 3.47837 2.12643
0.32 3.54627 2.11221
0.3225 3.61744 2.0887
0.325 3.68975 2.05503
0.3275 3.7609 2.01087
0.33 3.82849 1.95654
0.3325 3.89033 1.89306
0.335 3.94463 1.82198
0.3375 3.99014 1.74522
0.34 4.02623 1.66485
0.3425 4.05285 1.58289
0.345 4.07044 1.50113
0.3475 4.07975 1.42103
0.35 4.08177 1.34372
0.3525 4.07754 1.26999
0.355 4.06812 1.20032
0.3575 4.05448 1.13496
0.36 4.03751 1.07396
0.3625 4.01798 1.01726
0.365 3.99652 0.964692
0.3675 3.97369 0.916037
0.37 3.94993 0.871043
0.3725 3.92559 0.829448
0.375 3.90096 0.79099
0.3775 3.87626 0.755409
0.38 3.85168 0.722466
0.3825 3.82734 0.691932
0.385 3.80335 0.663594
0.3875 3.77979 0.637256
0.39 3.75671 0.612759
0.3925 3.73418 0.589942
0.395 3.712 0.568568
0.3975 3.68993 0.548406
0.4 3.66911 0.529802
0.4025 3.64882 0.512349
0.405 3.6291 0.495966
0.4075 3.60994 0.480567
0.41 3.59134 0.466073
0.4125 3.57327 0.452411
0.415 3.55573 0.439517
0.4175 3.53871 0.427333
0.42 3.52217 0.415804
0.4225 3.50612 0.404883
0.425 3.49054 0.394525
0.4275 3.47541 0.38469
0.43 3.46071 0.375343
0.4325 3.44643 0.366448
0.435 3.43255 0.357975
0.4375 3.41906 0.349897
0.44 3.40595 0.342188
0.4425 3.3932 0.334823
0.445 3.3808 0.327782
0.4475 3.36874 0.321045
0.45 3.35699 0.31459
0.4525 3.34556 0.308403
0.455 3.33444 0.302469
0.4575 3.3236 0.296773
0.46 3.31304 0.2913
0.4625 3.30276 0.286038
0.465 3.29273 0.280975
0.4675 3.28295 0.276102
0.47 3.27342 0.271407
0.4725 3.26412 0.266882
0.475 3.25505 0.262516
0.4775 3.24619 0.258303
0.48 3.23755 0.254234
0.4825 3.22911 0.250303
0.485 3.22086 0.246502
0.4875 3.21281 0.242826
0.49 3.20494 0.239269
0.4925 3.19725 0.235824
0.495 3.18973 0.232487
0.4975 3.18238 0.229253
0.5 3.17519 0.226117
0.5025 3.16815 0.223074
0.505 3.16127 0.220122
0.5075 3.15453 0.217255
0.51 3.14794 0.214471
0.5125 3.14149 0.211766
0.515 3.13517 0.209136
0.5175 3.12897 0.206578
0.52 3.12291 0.20409
0.5225 3.11697 0.201669
0.525 3.11115 0.199311
0.5275 3.10544 0.197016
0.53 3.09984 0.19478
0.5325 3.09436 0.192601
0.535 3.08898 0.190476
0.5375 3.0837 0.188404
0.54 3.07853 0.186383
0.5425 3.07345 0.184412
0.545 3.06846 0.182488
0.5475 3.06357 0.180609
0.55 3.05877 0.178774
0.5525 3.05406 0.176981
0.555 3.04943 0.175231
0.5575 3.04488 0.173519
0.56 3.04042 0.171846
0.5625 3.03604 0.170209
0.565 3.03172 0.168609
0.5675 3.02749 0.167043
0.57 3.02333 0.165511
0.5725 3.01924 0.164011
0.575 3.01522 0.162542
0.5775 3.01127 0.161104
0.58 3.00738 0.159695
0.5825 3.00356 0.158315
0.585 2.9998 0.156963
0.5875 2.9961 0.155638
0.59 2.99247 0.154338
0.5925 2.98889 0.153065
0.595 2.98537 0.151816
0.5975 2.9819 0.150591
0.6 2.97849 0.149389
0.6025 2.97514 0.148209
0.605 2.97183 0.147052
0.6075 2.96858 0.145916
0.61 2.96538 0.1448
0.6125 2.96222 0.143705
0.615 2.95912 0.142629
0.6175 2.95606 0.141572
0.62 2.95304 0.140534
0.6225 2.95007 0.139514
0.625 2.94715 0.138511
0.6275 2.94427 0.137527
0.63 2.94143 0.136559
0.6325 2.93863 0.135606
0.635 2.93587 0.134669
0.6375 2.93315 0.133749
0.64 2.93047 0.132844
0.6425 2.92782 0.131952
0.645 2.92522 0.131075
0.6475 2.92265 0.130213
0.65 2.92011 0.129364
0.6525 2.91762 0.128528
0.655 2.91515 0.127705
0.6575 2.91272 0.126895
0.66 2.91032 0.126098
0.6625 2.90796 0.125313
0.665 2.90562 0.12454
0.6675 2.90332 0.123777
0.67 2.90105 0.123027
0.6725 2.8988 0.122287
0.675 2.89659 0.121558
0.6775 2.89441 0.120841
0.68 2.89225 0.120133
0.6825 2.89012 0.119435
0.685 2.88802 0.118748
0.6875 2.88595 0.11807
0.69 2.8839 0.117401
0.6925 2.88188 0.116742
0.695 2.87988 0.116092
0.6975 2.87791 0.11545
0.7 2.87596 0.114818
0.7025 2.87403 0.114194
0.705 2.87213 0.113579
0.7075 2.87026 0.112971
0.71 2.8684 0.112372
0.7125 2.86657 0.11178
0.715 2.86476 0.111196
0.7175 2.86297 0.11062
0.72 2.8612 0.110051
0.7225 2.85946 0.10949
0.725 2.85773 0.108935
0.7275 2.85603 0.108387
0.73 2.85434 0.107847
0.7325 2.85267 0.107313
0.735 2.85103 0.106785
0.7375 2.8494 0.106264
0.74 2.84779 0.10575
0.7425 2.8462 0.105242
0.745 2.84463 0.104739
0.7475 2.84307 0.104244
0.75 2.84153 0.103754
0.7525 2.84001 0.103269
0.755 2.83851 0.10279
0.7575 2.83702 0.102316
0.76 2.83555 0.101849
0.7625 2.83409 0.101386
0.765 2.83265 0.100929
0.7675 2.83123 0.100478
0.77 2.82982 0.100031
0.7725 2.82843 0.099589
0.775 2.82705 0.099152
0.7775 2.82568 0.098721
0.78 2.82434 0.098293
0.7825 2.823 0.09787
0.785 2.82168 0.097453
0.7875 2.82037 0.097039
0.79 2.81908 0.096631
0.7925 2.8178 0.096226
0.795 2.81653 0.095826
0.7975 2.81528 0.095429
0.8 2.81403 0.095038
0.8025 2.81281 0.09465
0.805 2.81159 0.094267
0.8075 2.81039 0.093887
0.81 2.80919 0.093511
0.8125 2.80801 0.093139
0.815 2.80685 0.092771
0.8175 2.80569 0.092407
0.82 2.80454 0.092046
0.8225 2.80341 0.091689
0.825 2.80229 0.091335
0.8275 2.80118 0.090985
0.83 2.80007 0.090638
0.8325 2.79898 0.090295
0.835 2.7979 0.089956
0.8375 2.79683 0.089619
0.84 2.79577 0.089285
0.8425 2.79473 0.088955
0.845 2.79369 0.088629
0.8475 2.79266 0.088305
0.85 2.79164 0.087984
0.8525 2.79063 0.087666
0.855 2.78963 0.087351
0.8575 2.78864 0.08704
0.86 2.78765 0.08673
0.8625 2.78668 0.086425
0.865 2.78571 0.086121
0.8675 2.78476 0.085821
0.87 2.78381 0.085523
0.8725 2.78288 0.085228
0.875 2.78194 0.084936
0.8775 2.78102 0.084646
0.88 2.78011 0.084358
0.8825 2.77921 0.084074
0.885 2.77831 0.083792
0.8875 2.77742 0.083511
0.89 2.77654 0.083234
0.8925 2.77567 0.08296
0.895 2.7748 0.082687
0.8975 2.77394 0.082416
0.9 2.77309 0.082149
0.9025 2.77225 0.081883
0.905 2.77141 0.08162
0.9075 2.77058 0.081359
0.91 2.76976 0.081101
0.9125 2.76895 0.080844
0.915 2.76814 0.08059
0.9175 2.76734 0.080337
0.92 2.76655 0.080087
0.9225 2.76576 0.079839
0.925 2.76498 0.079592
0.9275 2.76421 0.079348
0.93 2.76344 0.079106
0.9325 2.76268 0.078866
0.935 2.76192 0.078627
0.9375 2.76117 0.078391
0.94 2.76043 0.078156
0.9425 2.75969 0.077923
0.945 2.75896 0.077692
0.9475 2.75824 0.077463
0.95 2.75752 0.077237
0.9525 2.75681 0.077011
0.955 2.7561 0.076787
0.9575 2.7554 0.076565
0.96 2.7547 0.076345
0.9625 2.75401 0.076127
0.965 2.75333 0.07591
0.9675 2.75265 0.075694
0.97 2.75198 0.07548
0.9725 2.75131 0.075268
0.975 2.75065 0.075058
0.9775 2.74999 0.074849
0.98 2.74933 0.074642
0.9825 2.74869 0.074437
0.985 2.74804 0.074232
0.9875 2.74741 0.074029
0.99 2.74677 0.073829
0.9925 2.74615 0.073629
0.995 2.74552 0.07343
0.9975 2.7449 0.073234
1 2.74429 0.073038
