nk
0.206642 0.826568  
SOPRA N&K Database 80.4% Al content
226
0.206642 1.36773 2.40863
0.207333 1.36671 2.42523
0.208029 1.36351 2.43705
0.208729 1.36385 2.44934
0.209434 1.36177 2.45986
0.210144 1.3603 2.47512
0.210859 1.35546 2.48875
0.211579 1.35851 2.5058
0.212303 1.36056 2.52516
0.213033 1.35678 2.54165
0.213768 1.35367 2.56009
0.214507 1.35783 2.5792
0.215252 1.36065 2.60047
0.216002 1.36503 2.62242
0.216757 1.36516 2.64226
0.217518 1.36888 2.66658
0.218284 1.37264 2.69102
0.219055 1.37993 2.71482
0.219832 1.38342 2.73882
0.220614 1.39051 2.76772
0.221402 1.39854 2.79159
0.222196 1.40606 2.8188
0.222995 1.4145 2.84671
0.2238 1.42439 2.87482
0.224611 1.43594 2.9044
0.225428 1.44753 2.93476
0.22625 1.46101 2.96534
0.227079 1.4758 2.99977
0.227914 1.49062 3.03251
0.228755 1.5076 3.06802
0.229602 1.52818 3.10424
0.230456 1.54918 3.14218
0.231316 1.57371 3.17931
0.232182 1.59974 3.21615
0.233055 1.62932 3.25454
0.233934 1.66072 3.29333
0.23482 1.695 3.33094
0.235713 1.73278 3.36709
0.236613 1.77188 3.40451
0.23752 1.81282 3.44081
0.238433 1.85713 3.47546
0.239354 1.90259 3.50961
0.240281 1.95116 3.54188
0.241216 2.0017 3.57544
0.242159 2.05513 3.60544
0.243108 2.11008 3.63453
0.244065 2.16777 3.66226
0.24503 2.22658 3.68888
0.246002 2.28952 3.71488
0.246982 2.35528 3.74051
0.24797 2.42572 3.76287
0.248966 2.501 3.78354
0.24997 2.58156 3.80038
0.250982 2.66446 3.81039
0.252002 2.74906 3.81525
0.253031 2.83313 3.81459
0.254068 2.91452 3.80718
0.255114 2.99608 3.79702
0.256168 3.0736 3.78392
0.257231 3.15182 3.77368
0.258302 3.23273 3.76488
0.259383 3.32214 3.75656
0.260473 3.42415 3.74211
0.261572 3.5378 3.711
0.26268 3.65111 3.65593
0.263798 3.75052 3.58221
0.264926 3.83758 3.50077
0.266063 3.91206 3.41868
0.267209 3.98394 3.33362
0.268366 4.05237 3.23732
0.269533 4.10682 3.12737
0.27071 4.13911 3.01151
0.271897 4.1501 2.90118
0.273095 4.14531 2.80164
0.274303 4.131 2.71404
0.275523 4.1118 2.63928
0.276753 4.08956 2.57409
0.277994 4.06729 2.5182
0.279246 4.04551 2.46881
0.280509 4.02451 2.42639
0.281785 4.0038 2.38882
0.283071 3.98529 2.35507
0.28437 3.96865 2.32618
0.28568 3.95347 2.30002
0.287003 3.93925 2.27739
0.288338 3.92748 2.25633
0.289685 3.91643 2.23817
0.291045 3.9081 2.222
0.292418 3.90198 2.20677
0.293804 3.89651 2.19435
0.295203 3.89332 2.18348
0.296615 3.89169 2.17342
0.298041 3.89253 2.16433
0.299481 3.89408 2.15683
0.300935 3.89804 2.15007
0.302403 3.90366 2.14375
0.303885 3.91121 2.13833
0.305382 3.92077 2.1333
0.306894 3.93244 2.12837
0.308421 3.94593 2.12372
0.309963 3.96205 2.11913
0.311521 3.98002 2.1143
0.313094 4.00017 2.1099
0.314683 4.0238 2.10463
0.316289 4.04947 2.09849
0.317911 4.07794 2.09167
0.319549 4.11007 2.08282
0.321205 4.14512 2.07138
0.322878 4.18363 2.05712
0.324569 4.22442 2.03744
0.326277 4.26671 2.01333
0.328003 4.30944 1.98297
0.329748 4.3507 1.94806
0.331511 4.39066 1.90903
0.333293 4.428 1.86525
0.335095 4.46255 1.81964
0.336916 4.49483 1.7738
0.338757 4.52493 1.72615
0.340619 4.55578 1.67536
0.342501 4.58576 1.62019
0.344403 4.61339 1.56101
0.346327 4.64256 1.493
0.348273 4.65741 1.42435
0.350241 4.66848 1.34933
0.352231 4.67239 1.27101
0.354243 4.6665 1.19917
0.356279 4.65393 1.12831
0.358339 4.63601 1.06201
0.360422 4.61346 1.00101
0.36253 4.58869 0.943815
0.364662 4.56172 0.890362
0.36682 4.53185 0.843581
0.369004 4.50251 0.797599
0.371213 4.47273 0.756404
0.373449 4.44278 0.718797
0.375713 4.41312 0.684523
0.378004 4.38497 0.651483
0.380323 4.35773 0.620989
0.38267 4.33049 0.592562
0.385047 4.30316 0.566585
0.387454 4.2771 0.540734
0.389891 4.25099 0.51757
0.392358 4.2262 0.496117
0.394857 4.20149 0.474233
0.397388 4.17799 0.455156
0.399952 4.15494 0.43693
0.402549 4.13286 0.419404
0.40518 4.11149 0.399825
0.407846 4.09059 0.38326
0.410547 4.06985 0.368602
0.413284 4.05042 0.352885
0.416058 4.03125 0.336511
0.418869 4.01278 0.323905
0.421718 3.99536 0.307616
0.424607 3.97801 0.292069
0.427535 3.96099 0.276093
0.430504 3.94332 0.260703
0.433515 3.92534 0.245532
0.436568 3.90695 0.233642
0.439664 3.88898 0.219021
0.442804 3.87173 0.204689
0.44599 3.85347 0.192287
0.449222 3.83572 0.185834
0.452501 3.81895 0.173774
0.455828 3.80214 0.167151
0.459204 3.78687 0.16072
0.462631 3.77265 0.152386
0.46611 3.76129 0.14508
0.469641 3.75475 0.134214
0.473226 3.74609 0.120248
0.476866 3.73829 0.103979
0.480563 3.72627 0.084574
0.484317 3.71209 0.064318
0.488131 3.69125 0.041508
0.492005 3.66322 0.023997
0.495941 3.63536 0.012919
0.49994 3.60797 0.005023
0.504005 3.58002 0.002558
0.508136 3.5568 0.003764
0.512335 3.53706 0.004189
0.516605 3.51876 0.003474
0.520946 3.50017 0.00258
0.525361 3.48268 0.00359
0.529851 3.46816 0.004247
0.534419 3.45434 0.003216
0.539066 3.44022 0.002735
0.543795 3.42887 0.002921
0.548607 3.41482 0.000801
0.553505 3.40029 1.1e-05
0.558492 3.3889 0
0.563569 3.37766 0
0.568739 3.36678 0
0.574005 3.35516 0
0.57937 3.34409 0
0.584836 3.33273 0
0.590406 3.3223 0
0.596083 3.31234 0
0.60187 3.30232 0
0.60777 3.29393 0
0.613788 3.28552 0
0.619926 3.27709 0
0.626188 3.26864 0
0.632577 3.26016 0
0.639099 3.25162 0
0.645756 3.2437 0
0.652554 3.23602 0
0.659496 3.22909 0
0.666587 3.22223 0
0.673833 3.21536 0
0.681237 3.20843 0
0.688807 3.20182 0
0.696546 3.19582 0
0.704461 3.18971 0
0.712559 3.18425 0
0.720844 3.17836 0
0.729325 3.173 0
0.738007 3.16778 0
0.746899 3.16253 0
0.756007 3.15728 0
0.765341 3.15202 0
0.774907 3.1467 0
0.784716 3.14188 0
0.794777 3.13752 0
0.805099 3.1331 0
0.815692 3.12868 0
0.826568 3.12426 0
