nk
0.206642 0.826568 
SOPRA N&K Database 31.5% Al content
226
0.206642 1.34707 2.44343
0.207333 1.33622 2.45459
0.208029 1.33534 2.46334
0.208729 1.33678 2.47919
0.209434 1.34032 2.49301
0.210144 1.33832 2.50317
0.210859 1.33986 2.51459
0.211579 1.34188 2.5279
0.212303 1.34187 2.54603
0.213033 1.34441 2.56448
0.213768 1.35166 2.57714
0.214507 1.35191 2.5961
0.215252 1.35406 2.61133
0.216002 1.35767 2.63277
0.216757 1.36059 2.64911
0.217518 1.36642 2.66893
0.218284 1.37157 2.6907
0.219055 1.37475 2.71119
0.219832 1.37756 2.73214
0.220614 1.38772 2.75393
0.221402 1.39306 2.77602
0.222196 1.40116 2.79882
0.222995 1.41011 2.82115
0.2238 1.41914 2.84507
0.224611 1.4264 2.86925
0.225428 1.43655 2.89377
0.22625 1.44709 2.92053
0.227079 1.45758 2.94586
0.227914 1.47094 2.97425
0.228755 1.48349 3.00093
0.229602 1.49742 3.03017
0.230456 1.51233 3.06038
0.231316 1.52714 3.09062
0.232182 1.54465 3.1213
0.233055 1.56252 3.1543
0.233934 1.58127 3.18708
0.23482 1.60102 3.22107
0.235713 1.62183 3.25791
0.236613 1.64441 3.29615
0.23752 1.66868 3.33445
0.238433 1.69642 3.37601
0.239354 1.72603 3.41816
0.240281 1.75814 3.46247
0.241216 1.79394 3.50805
0.242159 1.83278 3.55537
0.243108 1.8778 3.60369
0.244065 1.92763 3.65324
0.24503 1.9833 3.70418
0.246002 2.04631 3.75234
0.246982 2.11836 3.80117
0.24797 2.19844 3.84548
0.248966 2.28719 3.88497
0.24997 2.38186 3.91628
0.250982 2.48203 3.93881
0.252002 2.58207 3.95162
0.253031 2.68376 3.95656
0.254068 2.784 3.95629
0.255114 2.88767 3.94972
0.256168 2.99204 3.93509
0.257231 3.09344 3.9115
0.258302 3.19585 3.88083
0.259383 3.29626 3.84287
0.260473 3.39404 3.79815
0.261572 3.4888 3.746
0.26268 3.58139 3.6857
0.263798 3.66915 3.61659
0.264926 3.7508 3.53893
0.266063 3.82391 3.4546
0.267209 3.88773 3.3634
0.268366 3.94001 3.27068
0.269533 3.98181 3.17657
0.27071 4.01441 3.08208
0.271897 4.03808 2.99049
0.273095 4.05255 2.90147
0.274303 4.05935 2.81574
0.275523 4.06193 2.73313
0.276753 4.05711 2.65542
0.277994 4.04859 2.583
0.279246 4.03558 2.51455
0.280509 4.01839 2.45119
0.281785 3.99905 2.39297
0.283071 3.97751 2.3396
0.28437 3.95463 2.29145
0.28568 3.93105 2.24765
0.287003 3.9074 2.2081
0.288338 3.88318 2.17194
0.289685 3.85952 2.13973
0.291045 3.83615 2.11014
0.292418 3.81389 2.08371
0.293804 3.79266 2.0599
0.295203 3.77183 2.03965
0.296615 3.75282 2.02129
0.298041 3.73495 2.00495
0.299481 3.71725 1.99031
0.300935 3.70172 1.97687
0.302403 3.68618 1.96575
0.303885 3.6724 1.9558
0.305382 3.65885 1.94697
0.306894 3.64714 1.93914
0.308421 3.63572 1.93287
0.309963 3.62511 1.9273
0.311521 3.61605 1.92296
0.313094 3.60802 1.91917
0.314683 3.60039 1.91709
0.316289 3.59397 1.91504
0.317911 3.58853 1.91434
0.319549 3.58454 1.91411
0.321205 3.58042 1.91482
0.322878 3.57786 1.91609
0.324569 3.57623 1.91789
0.326277 3.57549 1.92062
0.328003 3.57546 1.92484
0.329748 3.57741 1.92908
0.331511 3.58003 1.93391
0.333293 3.58372 1.93955
0.335095 3.58898 1.94597
0.336916 3.59495 1.95299
0.338757 3.60245 1.96063
0.340619 3.61103 1.96902
0.342501 3.62116 1.97816
0.344403 3.6326 1.98822
0.346327 3.64641 1.99892
0.348273 3.66182 2.0108
0.350241 3.6797 2.02437
0.352231 3.70056 2.03813
0.354243 3.72437 2.05375
0.356279 3.75182 2.07038
0.358339 3.78388 2.08716
0.360422 3.82175 2.10467
0.36253 3.8672 2.12122
0.364662 3.92182 2.13381
0.36682 3.98502 2.13881
0.369004 4.05445 2.1328
0.371213 4.12551 2.11263
0.373449 4.19023 2.08062
0.375713 4.24635 2.04081
0.378004 4.29249 2.00087
0.380323 4.33262 1.96325
0.38267 4.37018 1.9303
0.385047 4.40924 1.90271
0.387454 4.45638 1.87882
0.389891 4.51657 1.85521
0.392358 4.59389 1.82073
0.394857 4.68248 1.76114
0.397388 4.76465 1.67146
0.399952 4.8252 1.55683
0.402549 4.85722 1.43067
0.40518 4.86137 1.30771
0.407846 4.84584 1.19687
0.410547 4.8167 1.09844
0.413284 4.7809 1.01235
0.416058 4.74148 0.93844
0.418869 4.70156 0.87468
0.421718 4.66153 0.817524
0.424607 4.62136 0.766679
0.427535 4.58249 0.721568
0.430504 4.54467 0.681151
0.433515 4.50772 0.643596
0.436568 4.4715 0.612737
0.439664 4.43769 0.58262
0.442804 4.40442 0.55629
0.44599 4.3732 0.530167
0.449222 4.34258 0.506378
0.452501 4.31302 0.482801
0.455828 4.28449 0.463515
0.459204 4.25746 0.44575
0.462631 4.23109 0.431381
0.46611 4.20465 0.418607
0.469641 4.18109 0.397723
0.473226 4.15669 0.387069
0.476866 4.13496 0.367324
0.480563 4.11266 0.355908
0.484317 4.09174 0.342114
0.488131 4.07192 0.326933
0.492005 4.05145 0.31737
0.495941 4.03228 0.305327
0.49994 4.01344 0.297603
0.504005 3.99557 0.288972
0.508136 3.97846 0.276674
0.512335 3.96142 0.267411
0.516605 3.94488 0.258236
0.520946 3.92955 0.24958
0.525361 3.91473 0.242071
0.529851 3.89998 0.236422
0.534419 3.88532 0.231705
0.539066 3.87154 0.226546
0.543795 3.85884 0.221202
0.548607 3.84608 0.216503
0.553505 3.83429 0.213117
0.558492 3.82472 0.209046
0.563569 3.81541 0.202124
0.568739 3.80498 0.193615
0.574005 3.79244 0.185155
0.57937 3.77874 0.177818
0.584836 3.7644 0.171598
0.590406 3.75021 0.166644
0.596083 3.73639 0.162701
0.60187 3.72459 0.158867
0.60777 3.71198 0.153957
0.613788 3.70079 0.15012
0.619926 3.6903 0.145075
0.626188 3.68096 0.139548
0.632577 3.6724 0.132615
0.639099 3.66319 0.123642
0.645756 3.65368 0.117701
0.652554 3.64985 0.111246
0.659496 3.65411 0.100961
0.666587 3.6561 0.068684
0.673833 3.63584 0.040264
0.681237 3.61703 0.020254
0.688807 3.59168 0.008666
0.696546 3.57042 0.005385
0.704461 3.55247 0.002472
0.712559 3.53598 0.00135
0.720844 3.52231 0.00078
0.729325 3.50881 6e-05
0.738007 3.49747 4.6e-05
0.746899 3.48659 2.7e-05
0.756007 3.47573 0
0.765341 3.46448 0
0.774907 3.45614 0
0.784716 3.44597 0
0.794777 3.43356 0
0.805099 3.42424 0
0.815692 3.41294 0
0.826568 3.40371 0
