nk
0.225 1 
H.Kato, S. Adachi, H.Nakanishi, K. Ohtsuka. “Optical Properties of (AlxGa1-x)0.5In0.5P Quaternary alloys”. Japan J. Appl. Phys. Vol 33 (1994) pp. 186-192,  30% Al content
311
0.225 1.55499 2.66343
0.2275 1.59592 2.71658
0.23 1.64199 2.77249
0.2325 1.69435 2.83097
0.235 1.7544 2.8916
0.2375 1.82376 2.95358
0.24 1.9042 3.0155
0.2425 1.99751 3.07522
0.245 2.10523 3.12959
0.2475 2.22814 3.17434
0.25 2.36561 3.20412
0.2525 2.51476 3.21311
0.255 2.66989 3.1961
0.2575 2.82268 3.15014
0.26 2.96347 3.07607
0.2625 3.0834 2.97913
0.265 3.17689 2.86774
0.2675 3.24254 2.75135
0.27 3.2827 2.63828
0.2725 3.30203 2.53436
0.275 3.30591 2.44281
0.2775 3.29937 2.3647
0.28 3.28659 2.29966
0.2825 3.27069 2.24656
0.285 3.25395 2.20394
0.2875 3.23788 2.17027
0.29 3.22346 2.14414
0.2925 3.2113 2.12429
0.295 3.20173 2.10965
0.2975 3.19491 2.09933
0.3 3.19091 2.09258
0.3025 3.18972 2.0888
0.305 3.1913 2.08751
0.3075 3.19561 2.08831
0.31 3.20261 2.09088
0.3125 3.21228 2.09495
0.315 3.22462 2.1003
0.3175 3.23963 2.10684
0.32 3.25715 2.11488
0.3225 3.27788 2.123
0.325 3.30162 2.13168
0.3275 3.32858 2.14069
0.33 3.35896 2.14973
0.3325 3.39302 2.15848
0.335 3.43098 2.16649
0.3375 3.47308 2.17322
0.34 3.51948 2.178
0.3425 3.57027 2.18005
0.345 3.62535 2.17845
0.3475 3.68445 2.1722
0.35 3.74702 2.16027
0.3525 3.8122 2.14168
0.355 3.87884 2.11559
0.3575 3.94553 2.08145
0.36 4.01064 2.03906
0.3625 4.07251 1.98865
0.365 4.12956 1.9309
0.3675 4.18044 1.86689
0.37 4.22413 1.79799
0.3725 4.26005 1.72572
0.375 4.28801 1.65162
0.3775 4.30819 1.57714
0.38 4.32107 1.50353
0.3825 4.32731 1.43179
0.385 4.32772 1.3627
0.3875 4.32311 1.29678
0.39 4.3143 1.2344
0.3925 4.30204 1.17569
0.395 4.28702 1.12071
0.3975 4.26984 1.06937
0.4 4.25103 1.02156
0.4025 4.231 0.977108
0.405 4.21014 0.935808
0.4075 4.18873 0.897457
0.41 4.16702 0.86184
0.4125 4.14521 0.828754
0.415 4.12345 0.797997
0.4175 4.10187 0.769381
0.42 4.08056 0.74273
0.4225 4.05959 0.71788
0.425 4.03905 0.694695
0.4275 4.01874 0.672927
0.43 3.99854 0.652401
0.4325 3.97942 0.633406
0.435 3.96076 0.61556
0.4375 3.94261 0.598785
0.44 3.92497 0.582995
0.4425 3.90783 0.568111
0.445 3.89119 0.55406
0.4475 3.87505 0.540777
0.45 3.85938 0.528201
0.4525 3.84418 0.516277
0.455 3.82944 0.504962
0.4575 3.81515 0.494206
0.46 3.8013 0.483968
0.4625 3.78786 0.474209
0.465 3.77484 0.464896
0.4675 3.76221 0.455995
0.47 3.74996 0.447478
0.4725 3.73808 0.439319
0.475 3.72656 0.43149
0.4775 3.71539 0.42397
0.48 3.70455 0.416736
0.4825 3.69403 0.40977
0.485 3.68383 0.403053
0.4875 3.67392 0.396569
0.49 3.66431 0.3903
0.4925 3.65497 0.384233
0.495 3.64591 0.378353
0.4975 3.63711 0.372646
0.5 3.62856 0.367103
0.5025 3.62025 0.36171
0.505 3.61218 0.356458
0.5075 3.60434 0.351335
0.51 3.59672 0.346332
0.5125 3.5893 0.341441
0.515 3.58209 0.336651
0.5175 3.57508 0.331956
0.52 3.56826 0.327347
0.5225 3.56162 0.322817
0.525 3.55516 0.318358
0.5275 3.54887 0.313964
0.53 3.54273 0.309628
0.5325 3.53676 0.305341
0.535 3.53094 0.301099
0.5375 3.52526 0.296894
0.54 3.51972 0.292721
0.5425 3.51431 0.288573
0.545 3.50902 0.284443
0.5475 3.50386 0.280325
0.55 3.4988 0.276212
0.5525 3.49385 0.272099
0.555 3.489 0.267979
0.5575 3.48423 0.263845
0.56 3.47955 0.259688
0.5625 3.47493 0.255504
0.565 3.47037 0.251284
0.5675 3.46586 0.247021
0.57 3.46138 0.242708
0.5725 3.45691 0.238338
0.575 3.45244 0.233906
0.5775 3.44793 0.229406
0.58 3.44337 0.224841
0.5825 3.43871 0.220214
0.585 3.43391 0.21554
0.5875 3.42895 0.210849
0.59 3.42377 0.206187
0.5925 3.41836 0.201621
0.595 3.41271 0.19723
0.5975 3.40687 0.193093
0.6 3.40091 0.189263
0.6025 3.3949 0.185761
0.605 3.38892 0.182576
0.6075 3.38301 0.179675
0.61 3.37723 0.177022
0.6125 3.37158 0.174577
0.615 3.36607 0.172308
0.6175 3.36071 0.170187
0.62 3.35549 0.168192
0.6225 3.3504 0.166304
0.625 3.34545 0.164508
0.6275 3.34061 0.162793
0.63 3.3359 0.161149
0.6325 3.3313 0.159569
0.635 3.3268 0.158045
0.6375 3.32241 0.156573
0.64 3.31812 0.155148
0.6425 3.31391 0.153766
0.645 3.30979 0.152424
0.6475 3.30576 0.151118
0.65 3.30181 0.149847
0.6525 3.29794 0.148608
0.655 3.29414 0.147399
0.6575 3.29042 0.146219
0.66 3.28676 0.145067
0.6625 3.28317 0.14394
0.665 3.27965 0.142837
0.6675 3.27618 0.141758
0.67 3.27278 0.1407
0.6725 3.26944 0.139665
0.675 3.26615 0.13865
0.6775 3.26292 0.137654
0.68 3.25974 0.136678
0.6825 3.25661 0.135719
0.685 3.25354 0.134778
0.6875 3.25051 0.133855
0.69 3.24753 0.132947
0.6925 3.24459 0.132056
0.695 3.24171 0.131179
0.6975 3.23886 0.130317
0.7 3.23606 0.129471
0.7025 3.2333 0.128638
0.705 3.23058 0.127819
0.7075 3.2279 0.127013
0.71 3.22526 0.12622
0.7125 3.22265 0.125439
0.715 3.22009 0.12467
0.7175 3.21756 0.123913
0.72 3.21506 0.123168
0.7225 3.2126 0.122434
0.725 3.21018 0.121711
0.7275 3.20778 0.120998
0.73 3.20542 0.120296
0.7325 3.20309 0.119605
0.735 3.2008 0.118923
0.7375 3.19853 0.118251
0.74 3.19629 0.117588
0.7425 3.19408 0.116934
0.745 3.1919 0.11629
0.7475 3.18975 0.115654
0.75 3.18763 0.115027
0.7525 3.18553 0.114408
0.755 3.18346 0.113798
0.7575 3.18141 0.113195
0.76 3.17939 0.112601
0.7625 3.1774 0.112015
0.765 3.17543 0.111436
0.7675 3.17348 0.110864
0.77 3.17156 0.1103
0.7725 3.16966 0.109742
0.775 3.16778 0.109192
0.7775 3.16593 0.108648
0.78 3.16409 0.108112
0.7825 3.16228 0.107581
0.785 3.16049 0.107058
0.7875 3.15872 0.10654
0.79 3.15697 0.106029
0.7925 3.15524 0.105524
0.795 3.15354 0.105025
0.7975 3.15185 0.104531
0.8 3.15018 0.104044
0.8025 3.14852 0.103563
0.805 3.14689 0.103086
0.8075 3.14527 0.102615
0.81 3.14368 0.102149
0.8125 3.1421 0.101689
0.815 3.14054 0.101234
0.8175 3.13899 0.100784
0.82 3.13746 0.100339
0.8225 3.13595 0.099899
0.825 3.13445 0.099463
0.8275 3.13297 0.099033
0.83 3.13151 0.098607
0.8325 3.13006 0.098185
0.835 3.12863 0.097768
0.8375 3.12721 0.097356
0.84 3.12581 0.096947
0.8425 3.12441 0.096543
0.845 3.12304 0.096144
0.8475 3.12168 0.095748
0.85 3.12033 0.095357
0.8525 3.119 0.094969
0.855 3.11768 0.094585
0.8575 3.11637 0.094206
0.86 3.11508 0.09383
0.8625 3.1138 0.093457
0.865 3.11253 0.093089
0.8675 3.11128 0.092725
0.87 3.11003 0.092363
0.8725 3.1088 0.092005
0.875 3.10759 0.091652
0.8775 3.10638 0.091301
0.88 3.10518 0.090953
0.8825 3.104 0.090609
0.885 3.10283 0.090268
0.8875 3.10167 0.089931
0.89 3.10052 0.089596
0.8925 3.09938 0.089265
0.895 3.09825 0.088936
0.8975 3.09713 0.088612
0.9 3.09603 0.088289
0.9025 3.09493 0.08797
0.905 3.09384 0.087653
0.9075 3.09277 0.08734
0.91 3.0917 0.08703
0.9125 3.09064 0.086721
0.915 3.0896 0.086416
0.9175 3.08856 0.086114
0.92 3.08753 0.085815
0.9225 3.08651 0.085517
0.925 3.0855 0.085223
0.9275 3.0845 0.084931
0.93 3.08351 0.084642
0.9325 3.08252 0.084355
0.935 3.08155 0.084071
0.9375 3.08059 0.083789
0.94 3.07963 0.083509
0.9425 3.07868 0.083231
0.945 3.07774 0.082956
0.9475 3.07681 0.082684
0.95 3.07588 0.082413
0.9525 3.07497 0.082145
0.955 3.07406 0.08188
0.9575 3.07316 0.081616
0.96 3.07226 0.081354
0.9625 3.07138 0.081095
0.965 3.0705 0.080839
0.9675 3.06963 0.080583
0.97 3.06877 0.08033
0.9725 3.06791 0.080079
0.975 3.06706 0.07983
0.9775 3.06622 0.079582
0.98 3.06538 0.079337
0.9825 3.06456 0.079094
0.985 3.06373 0.078853
0.9875 3.06292 0.078614
0.99 3.06211 0.078376
0.9925 3.06131 0.07814
0.995 3.06052 0.077906
0.9975 3.05973 0.077674
1 3.05895 0.077444
