nk
0.206642 0.826568 
SOPRA N&K Database 9.9% Al content
226
0.206642 1.31066 2.45737
0.207333 1.30168 2.49785
0.208029 1.31033 2.49307
0.208729 1.31563 2.51429
0.209434 1.31646 2.52313
0.210144 1.31899 2.53751
0.210859 1.32201 2.55082
0.211579 1.32258 2.56388
0.212303 1.32327 2.57796
0.213033 1.32569 2.59488
0.213768 1.32997 2.60791
0.214507 1.33211 2.625
0.215252 1.33574 2.64249
0.216002 1.33745 2.65972
0.216757 1.33928 2.6773
0.217518 1.34476 2.69721
0.218284 1.35009 2.71537
0.219055 1.35498 2.73542
0.219832 1.36221 2.7572
0.220614 1.36585 2.7784
0.221402 1.37067 2.80035
0.222196 1.37553 2.82199
0.222995 1.3823 2.84496
0.2238 1.39108 2.86948
0.224611 1.39846 2.89484
0.225428 1.40758 2.92065
0.22625 1.41494 2.94572
0.227079 1.42572 2.97228
0.227914 1.43632 2.99986
0.228755 1.44744 3.02863
0.229602 1.45934 3.05878
0.230456 1.47169 3.08874
0.231316 1.48512 3.12039
0.232182 1.49917 3.15363
0.233055 1.51485 3.1879
0.233934 1.53121 3.22309
0.23482 1.548 3.26106
0.235713 1.56669 3.30055
0.236613 1.58833 3.34192
0.23752 1.60826 3.38684
0.238433 1.63396 3.43295
0.239354 1.66187 3.48183
0.240281 1.69334 3.53414
0.241216 1.72862 3.58784
0.242159 1.7715 3.64487
0.243108 1.81964 3.70386
0.244065 1.8762 3.76297
0.24503 1.94215 3.82367
0.246002 2.01896 3.88245
0.246982 2.10769 3.93617
0.24797 2.20741 3.98285
0.248966 2.31509 4.01753
0.24997 2.4278 4.03986
0.250982 2.54525 4.04982
0.252002 2.65998 4.04787
0.253031 2.77141 4.03553
0.254068 2.87801 4.01234
0.255114 2.98477 3.98213
0.256168 3.08347 3.94257
0.257231 3.17772 3.89765
0.258302 3.26741 3.84618
0.259383 3.34861 3.78911
0.260473 3.42486 3.72895
0.261572 3.4937 3.66576
0.26268 3.55536 3.60055
0.263798 3.61095 3.53581
0.264926 3.66077 3.47017
0.266063 3.70508 3.40833
0.267209 3.74648 3.34578
0.268366 3.78788 3.28652
0.269533 3.8293 3.22919
0.27071 3.87221 3.16964
0.271897 3.91541 3.1052
0.273095 3.95508 3.03387
0.274303 3.98789 2.95572
0.275523 4.01017 2.87582
0.276753 4.02589 2.79633
0.277994 4.03269 2.71882
0.279246 4.03221 2.64477
0.280509 4.02738 2.57407
0.281785 4.01739 2.5074
0.283071 4.00398 2.44469
0.28437 3.98597 2.38729
0.28568 3.96658 2.33397
0.287003 3.94579 2.28457
0.288338 3.92195 2.24007
0.289685 3.89818 2.19892
0.291045 3.8731 2.16213
0.292418 3.84893 2.1296
0.293804 3.82429 2.10018
0.295203 3.80096 2.07408
0.296615 3.77808 2.05081
0.298041 3.75597 2.031
0.299481 3.735 2.01315
0.300935 3.71543 1.99702
0.302403 3.69696 1.98324
0.303885 3.67899 1.97123
0.305382 3.66226 1.96123
0.306894 3.64677 1.95209
0.308421 3.63221 1.94368
0.309963 3.61847 1.937
0.311521 3.60559 1.93199
0.313094 3.59376 1.92738
0.314683 3.58351 1.92404
0.316289 3.57378 1.92135
0.317911 3.56564 1.91997
0.319549 3.55775 1.91938
0.321205 3.55104 1.91936
0.322878 3.5453 1.92018
0.324569 3.54067 1.92178
0.326277 3.53697 1.92381
0.328003 3.53414 1.92684
0.329748 3.53181 1.93043
0.331511 3.53103 1.93438
0.333293 3.53071 1.93905
0.335095 3.5317 1.94467
0.336916 3.53408 1.95043
0.338757 3.53678 1.95679
0.340619 3.54073 1.96323
0.342501 3.54523 1.97121
0.344403 3.5519 1.9792
0.346327 3.55955 1.98748
0.348273 3.56768 1.99745
0.350241 3.57771 2.00739
0.352231 3.58855 2.0181
0.354243 3.60094 2.02986
0.356279 3.61517 2.04226
0.358339 3.63064 2.05518
0.360422 3.64776 2.06903
0.36253 3.66771 2.08361
0.364662 3.68968 2.0997
0.36682 3.715 2.11757
0.369004 3.74345 2.13622
0.371213 3.77673 2.15756
0.373449 3.81597 2.1798
0.375713 3.86335 2.20366
0.378004 3.92061 2.22685
0.380323 3.99156 2.2442
0.38267 4.07703 2.24771
0.385047 4.16827 2.22845
0.387454 4.25276 2.18663
0.389891 4.31959 2.13062
0.392358 4.36914 2.07289
0.394857 4.40478 2.02135
0.397388 4.43313 1.97975
0.399952 4.45975 1.94872
0.402549 4.49062 1.92784
0.40518 4.53281 1.91842
0.407846 4.6001 1.91623
0.410547 4.70488 1.9011
0.413284 4.83826 1.83587
0.416058 4.9546 1.70401
0.418869 5.0161 1.54166
0.421718 5.02737 1.38387
0.424607 5.00636 1.2431
0.427535 4.968 1.12549
0.430504 4.92165 1.02636
0.433515 4.87195 0.942515
0.436568 4.82038 0.873495
0.439664 4.7734 0.812217
0.442804 4.72511 0.763224
0.44599 4.68094 0.714647
0.449222 4.63696 0.674183
0.452501 4.59501 0.639121
0.455828 4.5555 0.603361
0.459204 4.51774 0.574718
0.462631 4.48167 0.549313
0.46611 4.44676 0.524198
0.469641 4.41406 0.505939
0.473226 4.38262 0.480302
0.476866 4.35269 0.461865
0.480563 4.32396 0.441206
0.484317 4.2964 0.427195
0.488131 4.27042 0.409082
0.492005 4.24437 0.396105
0.495941 4.21986 0.382672
0.49994 4.19632 0.370099
0.504005 4.17374 0.357337
0.508136 4.15206 0.344342
0.512335 4.13056 0.33357
0.516605 4.11064 0.319792
0.520946 4.09074 0.309697
0.525361 4.07236 0.29747
0.529851 4.05366 0.289223
0.534419 4.03535 0.282204
0.539066 4.0179 0.275619
0.543795 4.00146 0.267011
0.548607 3.98571 0.257012
0.553505 3.96962 0.250831
0.558492 3.95506 0.242309
0.563569 3.94051 0.236348
0.568739 3.92722 0.225518
0.574005 3.91377 0.215641
0.57937 3.90041 0.209807
0.584836 3.88767 0.204749
0.590406 3.87561 0.198737
0.596083 3.86343 0.193772
0.60187 3.85271 0.188365
0.60777 3.84146 0.182064
0.613788 3.83038 0.175602
0.619926 3.82006 0.17077
0.626188 3.8116 0.163072
0.632577 3.8027 0.155199
0.639099 3.79391 0.148501
0.645756 3.78659 0.139052
0.652554 3.77541 0.127514
0.659496 3.76205 0.119425
0.666587 3.74966 0.112636
0.673833 3.73724 0.107607
0.681237 3.72654 0.103225
0.688807 3.71589 0.099479
0.696546 3.7069 0.096749
0.704461 3.69952 0.093349
0.712559 3.69131 0.089128
0.720844 3.68467 0.086819
0.729325 3.67798 0.08166
0.738007 3.6717 0.079908
0.746899 3.6668 0.074164
0.756007 3.66089 0.071541
0.765341 3.65869 0.067474
0.774907 3.66345 0.05943
0.784716 3.6608 0.029924
0.794777 3.63101 0.008947
0.805099 3.60528 0.007687
0.815692 3.58898 0.006081
0.826568 3.57189 0
