nk
0.206642 0.826568 
SOPRA N&K Database 41.9% Al content
226
0.206642 1.35273 2.44008
0.207333 1.35026 2.44312
0.208029 1.36075 2.46695
0.208729 1.34678 2.47264
0.209434 1.35518 2.48499
0.210144 1.34898 2.50628
0.210859 1.35218 2.5147
0.211579 1.35441 2.52562
0.212303 1.35803 2.54411
0.213033 1.35826 2.56217
0.213768 1.35675 2.57445
0.214507 1.36277 2.59553
0.215252 1.36411 2.61504
0.216002 1.36741 2.63603
0.216757 1.37303 2.65254
0.217518 1.37715 2.67428
0.218284 1.38255 2.6963
0.219055 1.38893 2.7163
0.219832 1.39228 2.73834
0.220614 1.40022 2.76328
0.221402 1.40656 2.78288
0.222196 1.41586 2.80811
0.222995 1.42423 2.83267
0.2238 1.43328 2.85691
0.224611 1.4448 2.88211
0.225428 1.45629 2.90787
0.22625 1.46828 2.93412
0.227079 1.48038 2.96215
0.227914 1.4934 2.98881
0.228755 1.50783 3.01837
0.229602 1.52254 3.04661
0.230456 1.53931 3.07566
0.231316 1.55692 3.10653
0.232182 1.5732 3.1372
0.233055 1.59245 3.16917
0.233934 1.61344 3.20119
0.23482 1.63494 3.23624
0.235713 1.6583 3.27037
0.236613 1.68374 3.30771
0.23752 1.71006 3.34628
0.238433 1.73966 3.38448
0.239354 1.77112 3.42509
0.240281 1.80453 3.46582
0.241216 1.84042 3.50886
0.242159 1.88201 3.55325
0.243108 1.92629 3.59829
0.244065 1.97672 3.64208
0.24503 2.02956 3.6879
0.246002 2.09044 3.7354
0.246982 2.15895 3.77866
0.24797 2.23402 3.82154
0.248966 2.31762 3.85815
0.24997 2.40717 3.88961
0.250982 2.50169 3.9143
0.252002 2.59795 3.92832
0.253031 2.6947 3.93652
0.254068 2.78546 3.9402
0.255114 2.8848 3.94051
0.256168 2.98508 3.93767
0.257231 3.09037 3.9288
0.258302 3.19949 3.90882
0.259383 3.30945 3.87835
0.260473 3.42098 3.83833
0.261572 3.52928 3.78543
0.26268 3.63399 3.72204
0.263798 3.73277 3.64564
0.264926 3.82188 3.55728
0.266063 3.89772 3.46252
0.267209 3.96237 3.3623
0.268366 4.01405 3.25919
0.269533 4.05399 3.15657
0.27071 4.08169 3.05592
0.271897 4.09943 2.95762
0.273095 4.1083 2.86326
0.274303 4.10885 2.77469
0.275523 4.10251 2.69146
0.276753 4.09243 2.61445
0.277994 4.07708 2.54156
0.279246 4.05837 2.47648
0.280509 4.03707 2.41712
0.281785 4.01423 2.36314
0.283071 3.99283 2.31431
0.28437 3.96756 2.27045
0.28568 3.94401 2.22997
0.287003 3.92041 2.19387
0.288338 3.89741 2.16112
0.289685 3.87446 2.13167
0.291045 3.85258 2.10504
0.292418 3.83214 2.08134
0.293804 3.81205 2.06001
0.295203 3.79373 2.0405
0.296615 3.77644 2.0234
0.298041 3.7606 2.00802
0.299481 3.74472 1.99482
0.300935 3.7311 1.98244
0.302403 3.71867 1.9715
0.303885 3.70565 1.96215
0.305382 3.69463 1.954
0.306894 3.68411 1.94707
0.308421 3.67517 1.94136
0.309963 3.66689 1.93634
0.311521 3.65973 1.93137
0.313094 3.65322 1.92816
0.314683 3.64797 1.9262
0.316289 3.64333 1.92465
0.317911 3.64005 1.92378
0.319549 3.63805 1.92407
0.321205 3.63681 1.92488
0.322878 3.63687 1.92641
0.324569 3.63743 1.92868
0.326277 3.63957 1.93145
0.328003 3.64258 1.93529
0.329748 3.64696 1.93968
0.331511 3.65299 1.94463
0.333293 3.66002 1.95127
0.335095 3.66808 1.95807
0.336916 3.67776 1.96579
0.338757 3.68964 1.97395
0.340619 3.70243 1.98353
0.342501 3.71798 1.99371
0.344403 3.73629 2.00497
0.346327 3.75786 2.01731
0.348273 3.78263 2.03045
0.350241 3.81119 2.04474
0.352231 3.84614 2.0584
0.354243 3.88654 2.07157
0.356279 3.93425 2.08146
0.358339 3.98859 2.08587
0.360422 4.04956 2.08164
0.36253 4.11105 2.06752
0.364662 4.1722 2.04243
0.36682 4.22738 2.00957
0.369004 4.276 1.97331
0.371213 4.32007 1.93609
0.373449 4.3601 1.9015
0.375713 4.40099 1.86996
0.378004 4.44547 1.84113
0.380323 4.49856 1.81119
0.38267 4.56254 1.77355
0.385047 4.63435 1.71945
0.387454 4.70596 1.64031
0.389891 4.76213 1.54059
0.392358 4.79532 1.42852
0.394857 4.80636 1.31572
0.397388 4.79834 1.21219
0.399952 4.77809 1.11907
0.402549 4.74979 1.03504
0.40518 4.71635 0.961298
0.407846 4.68046 0.895245
0.410547 4.64286 0.837424
0.413284 4.60528 0.785606
0.416058 4.56795 0.739533
0.418869 4.53244 0.696937
0.421718 4.49735 0.660963
0.424607 4.46352 0.626352
0.427535 4.43023 0.595908
0.430504 4.39813 0.567083
0.433515 4.36682 0.540099
0.436568 4.33689 0.515632
0.439664 4.30796 0.493881
0.442804 4.28043 0.471545
0.44599 4.25354 0.451723
0.449222 4.22701 0.433313
0.452501 4.20168 0.417318
0.455828 4.177 0.39959
0.459204 4.15342 0.385275
0.462631 4.1305 0.372416
0.46611 4.10832 0.357307
0.469641 4.08713 0.348896
0.473226 4.06626 0.332826
0.476866 4.04726 0.318692
0.480563 4.02804 0.304941
0.484317 4.00949 0.296423
0.488131 3.99168 0.284372
0.492005 3.97376 0.274105
0.495941 3.95651 0.267601
0.49994 3.94047 0.256173
0.504005 3.92488 0.245987
0.508136 3.9098 0.236757
0.512335 3.89536 0.227045
0.516605 3.88116 0.218987
0.520946 3.86817 0.210979
0.525361 3.85562 0.204289
0.529851 3.8443 0.196625
0.534419 3.83286 0.187625
0.539066 3.82013 0.177609
0.543795 3.80549 0.166953
0.548607 3.79046 0.157249
0.553505 3.77503 0.148404
0.558492 3.76037 0.141217
0.563569 3.74697 0.13387
0.568739 3.73373 0.126577
0.574005 3.72099 0.119554
0.57937 3.70864 0.112857
0.584836 3.69732 0.106348
0.590406 3.68625 0.099665
0.596083 3.67686 0.093585
0.60187 3.66801 0.085656
0.60777 3.65919 0.079508
0.613788 3.65678 0.075072
0.619926 3.66552 0.05717
0.626188 3.65614 0.020582
0.632577 3.62387 0.003863
0.639099 3.59693 0.001617
0.645756 3.57562 0.002861
0.652554 3.55926 0.002605
0.659496 3.54162 0.000731
0.666587 3.5244 1.6e-05
0.673833 3.50794 0
0.681237 3.49273 0
0.688807 3.47932 0
0.696546 3.4661 0
0.704461 3.45376 0
0.712559 3.44225 0
0.720844 3.4316 0
0.729325 3.42185 0
0.738007 3.41137 0
0.746899 3.40192 0
0.756007 3.39429 0
0.765341 3.38577 0
0.774907 3.37812 0
0.784716 3.37035 0
0.794777 3.36243 0
0.805099 3.35476 0
0.815692 3.34734 0
0.826568 3.34066 0
