nk
0.225 1 
H.Kato, S. Adachi, H.Nakanishi, K. Ohtsuka. “Optical Properties of (AlxGa1-x)0.5In0.5P Quaternary alloys”. Japan J. Appl. Phys. Vol 33 (1994) pp. 186-192,  10% Al content
311
0.225 1.52667 2.72097
0.2275 1.57523 2.77781
0.23 1.62997 2.83651
0.2325 1.69203 2.89655
0.235 1.76268 2.95711
0.2375 1.84324 3.01691
0.24 1.935 3.07415
0.2425 2.03899 3.12632
0.245 2.15572 3.17018
0.2475 2.28474 3.20181
0.25 2.42416 3.21691
0.2525 2.57033 3.21141
0.255 2.71775 3.18236
0.2575 2.85956 3.12894
0.26 2.98869 3.05305
0.2625 3.0991 2.95939
0.265 3.18719 2.85441
0.2675 3.25212 2.74506
0.27 3.29545 2.63754
0.2725 3.32037 2.53647
0.275 3.33075 2.44475
0.2775 3.33043 2.36379
0.28 3.3228 2.29382
0.2825 3.31063 2.23437
0.285 3.29606 2.18456
0.2875 3.28069 2.14335
0.29 3.26563 2.10964
0.2925 3.25167 2.0824
0.295 3.23932 2.06071
0.2975 3.22892 2.04373
0.3 3.22065 2.03077
0.3025 3.21461 2.02121
0.305 3.21086 2.01456
0.3075 3.2094 2.01038
0.31 3.21022 2.00831
0.3125 3.21329 2.00807
0.315 3.21862 2.0094
0.3175 3.22619 2.01209
0.32 3.23601 2.01596
0.3225 3.24813 2.02085
0.325 3.26259 2.02659
0.3275 3.27942 2.03317
0.33 3.29856 2.04088
0.3325 3.32065 2.04831
0.335 3.34555 2.05595
0.3375 3.37344 2.06352
0.34 3.4045 2.07071
0.3425 3.43893 2.07715
0.345 3.47686 2.08238
0.3475 3.51841 2.08585
0.35 3.5636 2.08692
0.3525 3.61233 2.08488
0.355 3.66436 2.07896
0.3575 3.71926 2.06836
0.36 3.77636 2.05233
0.3625 3.8348 2.03024
0.365 3.89353 2.00162
0.3675 3.95133 1.96625
0.37 4.00693 1.92423
0.3725 4.0591 1.87596
0.375 4.10672 1.82213
0.3775 4.14889 1.76367
0.38 4.18499 1.70171
0.3825 4.21467 1.6374
0.385 4.23788 1.57188
0.3875 4.25482 1.50623
0.39 4.26585 1.44138
0.3925 4.27151 1.37809
0.395 4.27237 1.31691
0.3975 4.26907 1.25828
0.4 4.26222 1.20247
0.4025 4.2524 1.14962
0.405 4.24014 1.0998
0.4075 4.22593 1.05297
0.41 4.21017 1.00907
0.4125 4.19323 0.967976
0.415 4.17541 0.929558
0.4175 4.15698 0.893661
0.42 4.13814 0.86013
0.4225 4.11907 0.828806
0.425 4.09993 0.799532
0.4275 4.08081 0.77216
0.43 4.06183 0.74655
0.4325 4.04307 0.722579
0.435 4.02436 0.700004
0.4375 4.00562 0.678664
0.44 3.9878 0.65888
0.4425 3.9703 0.640258
0.445 3.95319 0.622725
0.4475 3.93648 0.6062
0.45 3.92017 0.590603
0.4525 3.90427 0.575864
0.455 3.88879 0.561926
0.4575 3.87371 0.548725
0.46 3.85903 0.536208
0.4625 3.84475 0.524326
0.465 3.83086 0.513033
0.4675 3.81736 0.502287
0.47 3.80422 0.49205
0.4725 3.79146 0.482288
0.475 3.77904 0.472968
0.4775 3.76698 0.464059
0.48 3.75525 0.455536
0.4825 3.74385 0.447371
0.485 3.73276 0.439542
0.4875 3.72199 0.432026
0.49 3.71151 0.424805
0.4925 3.70132 0.417858
0.495 3.69141 0.411169
0.4975 3.68177 0.404722
0.5 3.6724 0.398501
0.5025 3.66328 0.392493
0.505 3.65441 0.386684
0.5075 3.64578 0.381062
0.51 3.63738 0.375615
0.5125 3.6292 0.370335
0.515 3.62124 0.365208
0.5175 3.61348 0.360226
0.52 3.60594 0.355382
0.5225 3.59859 0.350665
0.525 3.59143 0.34607
0.5275 3.58445 0.341586
0.53 3.57766 0.337208
0.5325 3.57104 0.33293
0.535 3.56458 0.328743
0.5375 3.55829 0.324641
0.54 3.55215 0.320621
0.5425 3.54617 0.316676
0.545 3.54033 0.312801
0.5475 3.53463 0.30899
0.55 3.52908 0.305237
0.5525 3.52365 0.30154
0.555 3.51835 0.297893
0.5575 3.51318 0.294291
0.56 3.50813 0.29073
0.5625 3.50319 0.287206
0.565 3.49836 0.283715
0.5675 3.49363 0.280252
0.57 3.48902 0.276813
0.5725 3.48449 0.273395
0.575 3.48006 0.269994
0.5775 3.47572 0.266604
0.58 3.47147 0.263223
0.5825 3.46729 0.259847
0.585 3.46319 0.25647
0.5875 3.45915 0.25309
0.59 3.45518 0.249702
0.5925 3.45127 0.246303
0.595 3.4474 0.242888
0.5975 3.44358 0.239453
0.6 3.4398 0.235994
0.6025 3.43603 0.232507
0.605 3.43229 0.22899
0.6075 3.42855 0.22544
0.61 3.42479 0.221855
0.6125 3.42101 0.218236
0.615 3.41719 0.214586
0.6175 3.41331 0.21091
0.62 3.40934 0.207222
0.6225 3.40527 0.203538
0.625 3.40108 0.199884
0.6275 3.39676 0.196293
0.63 3.39231 0.192804
0.6325 3.38774 0.189454
0.635 3.38308 0.186275
0.6375 3.37837 0.183289
0.64 3.37364 0.180503
0.6425 3.36893 0.177912
0.645 3.36427 0.175503
0.6475 3.35967 0.173258
0.65 3.35515 0.171159
0.6525 3.35072 0.16919
0.655 3.34638 0.167332
0.6575 3.34214 0.165572
0.66 3.33799 0.163898
0.6625 3.33393 0.162299
0.665 3.32995 0.160768
0.6675 3.32606 0.159298
0.67 3.32226 0.157881
0.6725 3.31853 0.156512
0.675 3.31487 0.155189
0.6775 3.31129 0.153906
0.68 3.30779 0.15266
0.6825 3.30434 0.151449
0.685 3.30097 0.15027
0.6875 3.29765 0.149122
0.69 3.2944 0.148001
0.6925 3.2912 0.146906
0.695 3.28806 0.145837
0.6975 3.28497 0.144791
0.7 3.28193 0.143767
0.7025 3.27895 0.142765
0.705 3.27602 0.141783
0.7075 3.27313 0.140821
0.71 3.27029 0.139877
0.7125 3.26749 0.13895
0.715 3.26474 0.138041
0.7175 3.26203 0.137148
0.72 3.25936 0.136272
0.7225 3.25673 0.13541
0.725 3.25415 0.134563
0.7275 3.2516 0.13373
0.73 3.24908 0.132911
0.7325 3.24661 0.132106
0.735 3.24416 0.131313
0.7375 3.24176 0.130533
0.74 3.23938 0.129765
0.7425 3.23704 0.129009
0.745 3.23473 0.128264
0.7475 3.23245 0.12753
0.75 3.23021 0.126807
0.7525 3.22799 0.126095
0.755 3.2258 0.125393
0.7575 3.22365 0.124701
0.76 3.22152 0.124019
0.7625 3.21942 0.123347
0.765 3.21734 0.122683
0.7675 3.21529 0.122029
0.77 3.21327 0.121383
0.7725 3.21127 0.120747
0.775 3.2093 0.120118
0.7775 3.20735 0.119499
0.78 3.20542 0.118887
0.7825 3.20352 0.118282
0.785 3.20165 0.117686
0.7875 3.19979 0.117098
0.79 3.19796 0.116517
0.7925 3.19615 0.115943
0.795 3.19436 0.115376
0.7975 3.19259 0.114817
0.8 3.19084 0.114263
0.8025 3.18912 0.113717
0.805 3.18741 0.113177
0.8075 3.18572 0.112644
0.81 3.18405 0.112117
0.8125 3.1824 0.111596
0.815 3.18077 0.111081
0.8175 3.17916 0.110572
0.82 3.17756 0.11007
0.8225 3.17598 0.109572
0.825 3.17442 0.10908
0.8275 3.17288 0.108594
0.83 3.17135 0.108113
0.8325 3.16984 0.107638
0.835 3.16835 0.107168
0.8375 3.16687 0.106703
0.84 3.16541 0.106243
0.8425 3.16397 0.105788
0.845 3.16253 0.105338
0.8475 3.16112 0.104893
0.85 3.15972 0.104451
0.8525 3.15833 0.104016
0.855 3.15696 0.103584
0.8575 3.1556 0.103158
0.86 3.15426 0.102735
0.8625 3.15293 0.102316
0.865 3.15161 0.101902
0.8675 3.1503 0.101493
0.87 3.14901 0.101088
0.8725 3.14774 0.100685
0.875 3.14647 0.100288
0.8775 3.14522 0.099895
0.88 3.14398 0.099505
0.8825 3.14275 0.099119
0.885 3.14154 0.098737
0.8875 3.14033 0.098359
0.89 3.13914 0.097984
0.8925 3.13796 0.097612
0.895 3.13679 0.097244
0.8975 3.13563 0.096881
0.9 3.13448 0.096519
0.9025 3.13335 0.096162
0.905 3.13222 0.095808
0.9075 3.13111 0.095457
0.91 3.13 0.095109
0.9125 3.12891 0.094765
0.915 3.12782 0.094424
0.9175 3.12675 0.094086
0.92 3.12568 0.09375
0.9225 3.12463 0.093418
0.925 3.12358 0.093089
0.9275 3.12255 0.092763
0.93 3.12152 0.09244
0.9325 3.12051 0.092119
0.935 3.1195 0.091801
0.9375 3.1185 0.091486
0.94 3.11751 0.091174
0.9425 3.11653 0.090865
0.945 3.11556 0.090558
0.9475 3.11459 0.090253
0.95 3.11364 0.089952
0.9525 3.11269 0.089653
0.955 3.11175 0.089356
0.9575 3.11082 0.089062
0.96 3.1099 0.08877
0.9625 3.10898 0.088481
0.965 3.10808 0.088194
0.9675 3.10718 0.08791
0.97 3.10628 0.087628
0.9725 3.1054 0.087348
0.975 3.10452 0.08707
0.9775 3.10365 0.086795
0.98 3.10279 0.086522
0.9825 3.10194 0.08625
0.985 3.10109 0.085982
0.9875 3.10025 0.085715
0.99 3.09942 0.08545
0.9925 3.09859 0.085188
0.995 3.09777 0.084928
0.9975 3.09696 0.084669
1 3.09615 0.084413
