nk
0.206642 0.826568 
SOPRA N&K Database 19.8% Al content
226
0.206642 1.333 2.45723
0.207333 1.33236 2.47384
0.208029 1.33477 2.49624
0.208729 1.33831 2.50196
0.209434 1.33747 2.51906
0.210144 1.3395 2.53146
0.210859 1.34193 2.5418
0.211579 1.34212 2.55759
0.212303 1.33995 2.57396
0.213033 1.34518 2.58488
0.213768 1.34858 2.60042
0.214507 1.35161 2.61935
0.215252 1.35242 2.63515
0.216002 1.35684 2.65266
0.216757 1.3602 2.67083
0.217518 1.36617 2.688
0.218284 1.36962 2.70839
0.219055 1.37379 2.73008
0.219832 1.3799 2.75094
0.220614 1.3856 2.77211
0.221402 1.39317 2.79396
0.222196 1.40038 2.81671
0.222995 1.40907 2.84061
0.2238 1.41569 2.86271
0.224611 1.42493 2.88687
0.225428 1.43331 2.91231
0.22625 1.44299 2.93795
0.227079 1.45592 2.9654
0.227914 1.46576 2.99111
0.228755 1.47839 3.01924
0.229602 1.4906 3.04914
0.230456 1.50448 3.08013
0.231316 1.51835 3.10952
0.232182 1.53419 3.14111
0.233055 1.55024 3.1741
0.233934 1.56751 3.20837
0.23482 1.58702 3.24543
0.235713 1.60543 3.2828
0.236613 1.62829 3.32181
0.23752 1.65185 3.36282
0.238433 1.67738 3.40712
0.239354 1.70667 3.45247
0.240281 1.73749 3.49952
0.241216 1.77294 3.54927
0.242159 1.81263 3.60023
0.243108 1.85998 3.65429
0.244065 1.91301 3.70681
0.24503 1.97387 3.7621
0.246002 2.04264 3.81661
0.246982 2.12155 3.86703
0.24797 2.21041 3.91396
0.248966 2.30761 3.95143
0.24997 2.41183 3.97892
0.250982 2.52045 3.99512
0.252002 2.62651 3.99938
0.253031 2.73427 3.99718
0.254068 2.83631 3.988
0.255114 2.94115 3.96796
0.256168 3.04376 3.94192
0.257231 3.14257 3.90774
0.258302 3.23819 3.86718
0.259383 3.33011 3.81928
0.260473 3.41765 3.76369
0.261572 3.49842 3.70318
0.26268 3.56996 3.64018
0.263798 3.63808 3.57462
0.264926 3.7 3.51058
0.266063 3.7599 3.44523
0.267209 3.8175 3.37616
0.268366 3.87439 3.30251
0.269533 3.92394 3.22306
0.27071 3.96688 3.13924
0.271897 4.00039 3.05411
0.273095 4.02374 2.96851
0.274303 4.04149 2.88427
0.275523 4.05253 2.80262
0.276753 4.05456 2.72407
0.277994 4.0528 2.64881
0.279246 4.04526 2.57812
0.280509 4.0338 2.51189
0.281785 4.01847 2.4495
0.283071 3.9998 2.3921
0.28437 3.98001 2.33872
0.28568 3.958 2.29019
0.287003 3.93524 2.24595
0.288338 3.9109 2.20585
0.289685 3.88652 2.17005
0.291045 3.86259 2.13726
0.292418 3.83898 2.10837
0.293804 3.8164 2.08272
0.295203 3.79507 2.05884
0.296615 3.77424 2.03823
0.298041 3.7551 2.01971
0.299481 3.73611 2.00341
0.300935 3.71795 1.98872
0.302403 3.70142 1.97633
0.303885 3.68566 1.96535
0.305382 3.67089 1.95558
0.306894 3.65707 1.947
0.308421 3.64433 1.93945
0.309963 3.63259 1.93338
0.311521 3.62113 1.92846
0.313094 3.61144 1.92415
0.314683 3.60279 1.92122
0.316289 3.59486 1.91892
0.317911 3.58809 1.91717
0.319549 3.58237 1.91648
0.321205 3.57752 1.91677
0.322878 3.57297 1.91767
0.324569 3.57011 1.91924
0.326277 3.56787 1.92188
0.328003 3.56689 1.92383
0.329748 3.56621 1.92786
0.331511 3.56728 1.93172
0.333293 3.56927 1.93662
0.335095 3.57189 1.94204
0.336916 3.57531 1.9479
0.338757 3.58041 1.95487
0.340619 3.58639 1.96221
0.342501 3.59315 1.97012
0.344403 3.60207 1.97859
0.346327 3.61149 1.98793
0.348273 3.62311 1.99802
0.350241 3.63659 2.00876
0.352231 3.65101 2.02103
0.354243 3.66788 2.03426
0.356279 3.6864 2.0479
0.358339 3.70729 2.06277
0.360422 3.73175 2.07881
0.36253 3.75975 2.0956
0.364662 3.79224 2.11487
0.36682 3.83087 2.13505
0.369004 3.8779 2.15513
0.371213 3.93543 2.17373
0.373449 4.00587 2.18402
0.375713 4.08455 2.1802
0.378004 4.16395 2.15833
0.380323 4.23592 2.11976
0.38267 4.29519 2.07184
0.385047 4.34207 2.02299
0.387454 4.37924 1.97813
0.389891 4.41169 1.93912
0.392358 4.44226 1.90987
0.394857 4.48083 1.88942
0.397388 4.53292 1.87541
0.399952 4.60776 1.85774
0.402549 4.70658 1.81725
0.40518 4.81354 1.73347
0.407846 4.89656 1.60697
0.410547 4.93811 1.46163
0.413284 4.94255 1.32152
0.416058 4.92075 1.20004
0.418869 4.88589 1.09629
0.421718 4.84489 1.00907
0.424607 4.80157 0.930706
0.427535 4.7568 0.864135
0.430504 4.71219 0.805917
0.433515 4.66843 0.754586
0.436568 4.62598 0.709651
0.439664 4.58549 0.672056
0.442804 4.54717 0.636383
0.44599 4.50968 0.604086
0.449222 4.47441 0.572915
0.452501 4.43955 0.549106
0.455828 4.40664 0.520398
0.459204 4.3751 0.498216
0.462631 4.34431 0.47954
0.46611 4.31521 0.458824
0.469641 4.28696 0.445576
0.473226 4.25945 0.424784
0.476866 4.23481 0.408328
0.480563 4.20973 0.390461
0.484317 4.18578 0.378492
0.488131 4.16274 0.36464
0.492005 4.13987 0.354287
0.495941 4.1184 0.341816
0.49994 4.09839 0.327721
0.504005 4.0788 0.316918
0.508136 4.05961 0.304794
0.512335 4.04122 0.29402
0.516605 4.02228 0.287414
0.520946 4.00496 0.277216
0.525361 3.98824 0.26703
0.529851 3.97185 0.254968
0.534419 3.95548 0.248952
0.539066 3.93989 0.242677
0.543795 3.92516 0.234749
0.548607 3.91152 0.223441
0.553505 3.89678 0.22053
0.558492 3.88387 0.210177
0.563569 3.87129 0.202586
0.568739 3.85932 0.194863
0.574005 3.84771 0.186275
0.57937 3.83651 0.179075
0.584836 3.82582 0.171553
0.590406 3.81528 0.165078
0.596083 3.80621 0.155426
0.60187 3.79702 0.146961
0.60777 3.78689 0.133874
0.613788 3.77307 0.124288
0.619926 3.75948 0.117954
0.626188 3.74735 0.111979
0.632577 3.73562 0.106513
0.639099 3.72355 0.100775
0.645756 3.71133 0.09683
0.652554 3.70014 0.09404
0.659496 3.69112 0.091602
0.666587 3.68093 0.087988
0.673833 3.6727 0.087189
0.681237 3.66609 0.084766
0.688807 3.66209 0.081499
0.696546 3.65633 0.074729
0.704461 3.6507 0.071804
0.712559 3.65742 0.06787
0.720844 3.66572 0.03503
0.729325 3.63551 0.001863
0.738007 3.61027 0.002221
0.746899 3.58906 0.000158
0.756007 3.57036 0.001475
0.765341 3.55253 0.001298
0.774907 3.53578 0.002185
0.784716 3.51937 0.002179
0.794777 3.50321 0.001741
0.805099 3.48757 0.001677
0.815692 3.47208 0.000165
0.826568 3.45688 0
