nk
0.221402 2.4797 
SOPRA N&K Database, 100% Al content
103
0.221402 1.36 2.75
0.223397 1.37062 2.80625
0.225428 1.36 2.89
0.227496 1.34937 2.99625
0.229602 1.36 3.12
0.231748 1.43 3.25875
0.233934 1.53 3.4
0.236162 1.63625 3.52937
0.238433 1.77 3.65
0.240748 1.96 3.765
0.243108 2.16 3.86
0.245515 2.31687 3.9125
0.24797 2.48 3.95
0.250475 2.685 4.00188
0.253031 2.92 4.04
0.25564 3.1975 4.05562
0.258302 3.48 4.02
0.261021 3.73875 3.89688
0.263798 3.96 3.7
0.266635 4.1225 3.40375
0.269533 4.22 3.09
0.272495 4.225 2.82875
0.275523 4.18 2.63
0.278618 4.10938 2.54625
0.281785 4.04 2.52
0.285023 4.01 2.50625
0.288338 4.01 2.52
0.29173 4.03562 2.57187
0.295203 4.11 2.63
0.298759 4.26812 2.67375
0.302403 4.47 2.68
0.306136 4.69062 2.60938
0.309963 4.92 2.49
0.313887 5.16062 2.36125
0.317911 5.35 2.15
0.322039 5.42188 1.738
0.326277 5.39 1.3
0.330627 5.20937 0.987438
0.335095 4.99 0.752
0.339685 4.845 0.612813
0.344403 4.72 0.519
0.349254 4.59438 0.41825
0.354243 4.48 0.334
0.359377 4.38563 0.277813
0.364662 4.3 0.233
0.370105 4.21625 0.181187
0.375713 4.13 0.139
0.381493 4.02937 0.12125
0.387454 3.93 0.115
0.393604 3.84505 0.113161
0.399952 3.77 0.113
0.406509 3.70519 0.110672
0.413284 3.64925 0.102417
0.420289 3.60125 0.08036
0.427535 3.56025 0.053
0.435036 3.52531 0.023411
0.442804 3.4955 0
0.450855 3.46988 0.003312
0.459204 3.4475 0
0.467869 3.42744 0
0.476866 3.40875 0
0.486216 3.3905 0
0.495941 3.37175 0
0.506062 3.35156 0
0.516605 3.329 0
0.527597 3.30133 0
0.539066 3.273 0
0.551045 3.24812 0
0.563569 3.225 0
0.576675 3.20337 0
0.590406 3.183 0
0.604806 3.16344 0
0.619926 3.145 0
0.635821 3.128 0
0.652554 3.112 0
0.67019 3.09656 0
0.688807 3.082 0
0.708487 3.06862 0
0.729325 3.056 0
0.751425 3.04375 0
0.774907 3.032 0
0.799904 3.02075 0
0.826568 3.01 0
0.85507 2.99969 0
0.885608 2.99 0
0.918409 2.98125 0
0.953732 2.973 0
0.991881 2.96481 0
1.03321 2.957 0
1.07813 2.94981 0
1.12714 2.943 0
1.18081 2.93631 0
1.23985 2.93 0
1.30511 2.92431 0
1.37761 2.919 0
1.45865 2.91381 0
1.54981 2.909 0
1.65314 2.90481 0
1.77122 2.901 0
1.90746 2.89737 0
2.06642 2.894 0
2.25428 2.89087 0
2.4797 2.888 0
