nk
0.213768 2.4797 
SOPRA N&K Database
107
0.213768 1 2.4
0.215626 1.0025 2.4075
0.217518 1.01 2.42
0.219443 1.0225 2.4375
0.221402 1.04 2.46
0.223397 1.06187 2.48875
0.225428 1.09 2.52
0.227496 1.1275 2.55313
0.229602 1.17 2.58
0.231748 1.21687 2.58937
0.233934 1.26 2.59
0.236162 1.29062 2.585
0.238433 1.31 2.58
0.240748 1.31375 2.58125
0.243108 1.31 2.59
0.245515 1.30563 2.61063
0.24797 1.3 2.64
0.250475 1.29375 2.67563
0.253031 1.29 2.72
0.25564 1.2925 2.77562
0.258302 1.3 2.84
0.261021 1.3125 2.91188
0.263798 1.33 2.99
0.266635 1.3525 3.07
0.269533 1.38 3.16
0.272495 1.40938 3.26625
0.275523 1.45 3.39
0.278618 1.50125 3.53625
0.281785 1.59 3.7
0.285023 1.74375 3.895
0.288338 1.96 4.07
0.29173 2.26875 4.18188
0.295203 2.6 4.22
0.298759 2.89312 4.1375
0.302403 3.15 4
0.306136 3.34625 3.86063
0.309963 3.5 3.71
0.313887 3.62062 3.55187
0.317911 3.71 3.4
0.322039 3.76562 3.2725
0.326277 3.81 3.16
0.330627 3.87438 3.06
0.335095 3.93 2.97
0.339685 3.95312 2.88563
0.344403 3.96 2.81
0.349254 3.95562 2.74313
0.354243 3.95 2.69
0.359377 3.94875 2.65437
0.364662 3.97 2.64
0.370105 4.03313 2.67563
0.375713 4.14 2.69
0.381493 4.33188 2.605
0.387454 4.51 2.47
0.393604 4.56625 2.29062
0.399952 4.57 2.12
0.406509 4.54 2.0175
0.413284 4.52 1.97
0.420289 4.54875 2.03563
0.427535 4.66 2.06
0.435036 4.98563 1.86687
0.442804 5.27 1.58
0.450855 5.23 1.23812
0.459204 5.08 0.92
0.467869 4.94562 0.744375
0.476866 4.81 0.63
0.486216 4.70375 0.535
0.495941 4.61 0.46
0.506062 4.52062 0.39
0.516605 4.44 0.33
0.527597 4.37125 0.29125
0.539066 4.31 0.24
0.551045 4.25875 0.119625
0.563569 4.2 0.01
0.576675 4.10478 -0.00625
0.590406 4.01 0.006
0.604806 3.95051 0.004813
0.619926 3.9036 0.004
0.635821 3.8573 0.003438
0.652554 3.8143 0.003
0.67019 3.7732 0.0025
0.688807 3.7343 0.002
0.708487 3.69746 0.001481
0.729325 3.6626 0.001
0.751425 3.62965 0.000594
0.774907 3.5985 0.0003
0.799904 3.56904 0.000213
0.826568 3.5412 0.0002
0.85507 3.51491 0.00015
0.885608 3.4901 0.0001
0.918409 3.46672 4.4e-05
0.953732 3.4447 0
0.991881 3.42394 6e-06
1.03321 3.4044 0
1.07813 3.38599 0
1.12714 3.3687 0
1.18081 3.35248 0
1.23985 3.3373 0
1.30511 3.32313 0
1.37761 3.3099 0
1.45865 3.29752 0
1.54981 3.286 0
1.65314 3.27531 0
1.77122 3.2654 0
1.90746 3.2562 0
2.06642 3.2477 0
2.25428 3.23988 0
2.4797 3.2327 0
