nk
0.25 0.8 
SOPRA N&K Database
111
0.25 0.199391 2.14723
0.255 0.207117 2.2016
0.26 0.214793 2.25579
0.265 0.222379 2.30965
0.27 0.229853 2.36307
0.275 0.237213 2.41599
0.28 0.244478 2.46839
0.285 0.25168 2.5203
0.29 0.258859 2.57175
0.295 0.266059 2.62282
0.3 0.273323 2.67354
0.305 0.28069 2.72396
0.31 0.288198 2.7741
0.315 0.295881 2.82396
0.32 0.303767 2.87355
0.325 0.311881 2.92289
0.33 0.320241 2.97199
0.335 0.328853 3.02088
0.34 0.337714 3.06962
0.345 0.346806 3.11824
0.35 0.356098 3.16679
0.355 0.365552 3.21531
0.36 0.375124 3.2638
0.365 0.384779 3.31225
0.37 0.394495 3.36066
0.375 0.404273 3.40899
0.38 0.414136 3.4572
0.385 0.424126 3.50525
0.39 0.434297 3.55311
0.395 0.444694 3.60077
0.4 0.455344 3.64823
0.405 0.466246 3.69549
0.41 0.477371 3.74257
0.415 0.488663 3.78949
0.42 0.500063 3.83626
0.425 0.51151 3.88288
0.43 0.522967 3.92932
0.435 0.534416 3.97557
0.44 0.545865 4.02156
0.445 0.557341 4.06727
0.45 0.56888 4.11267
0.455 0.58052 4.15774
0.46 0.592296 4.2025
0.465 0.604236 4.24701
0.47 0.616357 4.29134
0.475 0.628663 4.3356
0.48 0.641146 4.37989
0.485 0.653781 4.42432
0.49 0.666531 4.46899
0.495 0.679358 4.51394
0.5 0.692228 4.55921
0.505 0.705124 4.60474
0.51 0.718057 4.65047
0.515 0.731066 4.69627
0.52 0.744218 4.742
0.525 0.75759 4.7875
0.53 0.771263 4.83266
0.535 0.785297 4.87738
0.54 0.799732 4.92162
0.545 0.814579 4.96539
0.55 0.829825 5.00876
0.555 0.845443 5.0518
0.56 0.861401 5.09458
0.565 0.877663 5.13717
0.57 0.894195 5.17959
0.575 0.910959 5.22185
0.58 0.927918 5.26388
0.585 0.945035 5.30564
0.59 0.962282 5.34703
0.595 0.979646 5.38798
0.6 0.997137 5.42845
0.605 1.01479 5.46843
0.61 1.03266 5.50795
0.615 1.0508 5.54711
0.62 1.0693 5.58598
0.625 1.08819 5.62468
0.63 1.10753 5.66323
0.635 1.12732 5.70166
0.64 1.14757 5.73993
0.645 1.16826 5.77797
0.65 1.18936 5.81569
0.655 1.21085 5.85302
0.66 1.2327 5.88988
0.665 1.2549 5.9262
0.67 1.27746 5.9619
0.675 1.30039 5.99691
0.68 1.32373 6.03116
0.685 1.34751 6.06457
0.69 1.37177 6.09714
0.695 1.39654 6.12884
0.7 1.42182 6.15971
0.705 1.44759 6.18978
0.71 1.47382 6.21906
0.715 1.50046 6.24752
0.72 1.52747 6.27505
0.725 1.5548 6.3015
0.73 1.58242 6.32665
0.735 1.61027 6.35024
0.74 1.63829 6.37203
0.745 1.66643 6.39178
0.75 1.69457 6.4093
0.755 1.72261 6.42442
0.76 1.75045 6.43707
0.765 1.77799 6.44723
0.77 1.80518 6.45497
0.775 1.832 6.46043
0.78 1.85847 6.46385
0.785 1.88466 6.46555
0.79 1.91062 6.4659
0.795 1.93645 6.46533
0.8 1.9622 6.46428
