nk
0.25 0.8 
SOPRA N&K Database
111
0.25 0.169016 2.14244
0.255 0.178619 2.19538
0.26 0.188004 2.2482
0.265 0.196991 2.30082
0.27 0.205466 2.35319
0.275 0.213396 2.40527
0.28 0.220824 2.45709
0.285 0.227853 2.50868
0.29 0.23462 2.56009
0.295 0.24127 2.61135
0.3 0.247937 2.66249
0.305 0.254727 2.71353
0.31 0.261713 2.76446
0.315 0.268934 2.8153
0.32 0.276397 2.86601
0.325 0.284087 2.91661
0.33 0.291973 2.96708
0.335 0.300017 3.01743
0.34 0.308181 3.06769
0.345 0.316434 3.11787
0.35 0.324751 3.16799
0.355 0.333121 3.21807
0.36 0.341545 3.2681
0.365 0.350039 3.31805
0.37 0.358636 3.36785
0.375 0.367377 3.41745
0.38 0.376308 3.46679
0.385 0.385471 3.5158
0.39 0.394889 3.56448
0.395 0.404561 3.61281
0.4 0.414459 3.66084
0.405 0.424532 3.7086
0.41 0.434725 3.75613
0.415 0.444987 3.80348
0.42 0.455294 3.85066
0.425 0.465649 3.89768
0.43 0.476085 3.94453
0.435 0.486651 3.99119
0.44 0.497395 4.03765
0.445 0.508352 4.08389
0.45 0.519529 4.12989
0.455 0.530912 4.17564
0.46 0.542464 4.22116
0.465 0.554148 4.26649
0.47 0.565934 4.31168
0.475 0.577811 4.35682
0.48 0.589791 4.40201
0.485 0.601901 4.44733
0.49 0.614172 4.49287
0.495 0.62663 4.5387
0.5 0.639287 4.58483
0.505 0.652142 4.63126
0.51 0.665182 4.67794
0.515 0.678398 4.72481
0.52 0.691787 4.77177
0.525 0.705354 4.81872
0.53 0.719115 4.86558
0.535 0.733084 4.91226
0.54 0.74727 4.9587
0.545 0.761672 5.00486
0.55 0.776278 5.05072
0.555 0.791067 5.09623
0.56 0.806022 5.14137
0.565 0.821136 5.1861
0.57 0.836418 5.23041
0.575 0.851906 5.27427
0.58 0.867659 5.3177
0.585 0.883758 5.36072
0.59 0.900293 5.40338
0.595 0.917349 5.44577
0.6 0.934992 5.48796
0.605 0.953251 5.53
0.61 0.972117 5.57194
0.615 0.991538 5.61377
0.62 1.01143 5.65542
0.625 1.03169 5.69679
0.63 1.05222 5.73776
0.635 1.07294 5.77818
0.64 1.09381 5.81797
0.645 1.11485 5.85706
0.65 1.13609 5.89546
0.655 1.15763 5.93324
0.66 1.17957 5.97049
0.665 1.20199 6.0073
0.67 1.22496 6.04375
0.675 1.24852 6.07986
0.68 1.27269 6.1156
0.685 1.29749 6.15091
0.69 1.32292 6.1857
0.695 1.349 6.21989
0.7 1.37575 6.2534
0.705 1.40319 6.28615
0.71 1.43136 6.31805
0.715 1.46028 6.349
0.72 1.48999 6.37885
0.725 1.5205 6.40743
0.73 1.55182 6.4345
0.735 1.58388 6.45983
0.74 1.61659 6.48315
0.745 1.64978 6.50421
0.75 1.68323 6.5228
0.755 1.71668 6.53876
0.76 1.74985 6.55201
0.765 1.7825 6.56256
0.77 1.81444 6.57052
0.775 1.84552 6.5761
0.78 1.87572 6.5796
0.785 1.90507 6.5814
0.79 1.9337 6.58188
0.795 1.9618 6.58149
0.8 1.98962 6.58066
