nk
0.206642 2.4797 
SOPRA N&K Database
111
0.206642 1.422 1.306
0.208378 1.42738 1.31925
0.210144 1.43 1.334
0.21194 1.43112 1.34925
0.213768 1.432 1.364
0.215626 1.43487 1.376
0.217518 1.438 1.388
0.219443 1.43975 1.403
0.221402 1.442 1.418
0.223397 1.44712 1.42962
0.225428 1.452 1.442
0.227496 1.45312 1.4595
0.229602 1.454 1.478
0.231748 1.45762 1.49375
0.233934 1.462 1.51
0.236162 1.466 1.5295
0.238433 1.47 1.55
0.240748 1.47412 1.56963
0.243108 1.478 1.59
0.245515 1.48113 1.61163
0.24797 1.484 1.636
0.250475 1.4865 1.66675
0.253031 1.49 1.698
0.25564 1.49475 1.72463
0.258302 1.504 1.748
0.261021 1.52262 1.76675
0.263798 1.546 1.784
0.266635 1.5715 1.80337
0.269533 1.598 1.822
0.272495 1.62363 1.8375
0.275523 1.648 1.852
0.278618 1.66888 1.86775
0.281785 1.69 1.882
0.285023 1.7165 1.89175
0.288338 1.742 1.9
0.29173 1.76 1.91
0.295203 1.776 1.918
0.298759 1.795 1.92037
0.302403 1.812 1.92
0.306136 1.82262 1.91888
0.309963 1.83 1.916
0.313887 1.83712 1.91138
0.317911 1.84 1.904
0.322039 1.83425 1.89138
0.326277 1.824 1.878
0.330627 1.812 1.86825
0.335095 1.798 1.86
0.339685 1.782 1.85175
0.344403 1.766 1.846
0.349254 1.7525 1.84525
0.354243 1.74 1.848
0.359377 1.72762 1.85238
0.364662 1.716 1.862
0.370105 1.70588 1.883
0.375713 1.696 1.906
0.381493 1.68475 1.9225
0.387454 1.674 1.936
0.393604 1.666 1.94775
0.399952 1.658 1.956
0.406509 1.64725 1.95938
0.413284 1.636 1.958
0.420289 1.628 1.95138
0.427535 1.616 1.94
0.435036 1.59625 1.9245
0.442804 1.562 1.904
0.450855 1.50212 1.87587
0.459204 1.426 1.846
0.467869 1.34587 1.81462
0.476866 1.242 1.796
0.486216 1.08675 1.79737
0.495941 0.916 1.84
0.506062 0.7545 1.9565
0.516605 0.608 2.12
0.527597 0.49175 2.32625
0.539066 0.402 2.54
0.551045 0.3455 2.73062
0.563569 0.306 2.88
0.576675 0.267625 2.94062
0.590406 0.236 2.97
0.604806 0.212375 3.015
0.619926 0.194 3.06
0.635821 0.17775 3.07
0.652554 0.166 3.15
0.67019 0.161 3.44581
0.688807 0.16 3.8
0.708487 0.160875 4.08769
0.729325 0.164 4.357
0.751425 0.1695 4.61019
0.774907 0.176 4.86
0.799904 0.181375 5.12581
0.826568 0.188 5.39
0.85507 0.198125 5.63125
0.885608 0.21 5.88
0.918409 0.222125 6.16812
0.953732 0.236 6.47
0.991881 0.253125 6.75312
1.03321 0.272 7.07
1.07813 0.2905 7.485
1.12714 0.312 7.93
1.18081 0.339375 8.40375
1.23985 0.372 8.77
1.30511 0.410188 8.7575
1.37761 0.454 8.77
1.45865 0.503063 9.20312
1.54981 0.559 9.81
1.65314 0.621563 10.4575
1.77122 0.696 11.2
1.90746 0.78525 12.0306
2.06642 0.896 13
2.25428 1.034 14.1444
2.4797 1.205 15.5
