nk
0.2 2 
SOPRA N&K Database
181
0.2 1.56353 0
0.21 1.55284 0
0.22 1.54391 0
0.23 1.53636 0
0.24 1.52991 0
0.25 1.52435 0
0.26 1.51952 0
0.27 1.51529 0
0.28 1.51157 0
0.29 1.50827 0
0.3 1.50533 0
0.31 1.50271 0
0.32 1.50035 0
0.33 1.49822 0
0.34 1.49629 0
0.35 1.49454 0
0.36 1.49295 0
0.37 1.49149 0
0.38 1.49015 0
0.39 1.48892 0
0.4 1.48779 0
0.41 1.48675 0
0.42 1.48578 0
0.43 1.48488 0
0.44 1.48405 0
0.45 1.48327 0
0.46 1.48255 0
0.47 1.48187 0
0.48 1.48124 0
0.49 1.48065 0
0.5 1.48009 0
0.51 1.47957 0
0.52 1.47908 0
0.53 1.47861 0
0.54 1.47818 0
0.55 1.47776 0
0.56 1.47737 0
0.57 1.47701 0
0.58 1.47666 0
0.59 1.47633 0
0.6 1.47601 0
0.61 1.47571 0
0.62 1.47543 0
0.63 1.47516 0
0.64 1.4749 0
0.65 1.47466 0
0.66 1.47442 0
0.67 1.4742 0
0.68 1.47398 0
0.69 1.47378 0
0.7 1.47358 0
0.71 1.4734 0
0.72 1.47322 0
0.73 1.47305 0
0.74 1.47288 0
0.75 1.47273 0
0.76 1.47257 0
0.77 1.47243 0
0.78 1.47229 0
0.79 1.47215 0
0.8 1.47202 0
0.81 1.4719 0
0.82 1.47178 0
0.83 1.47166 0
0.84 1.47155 0
0.85 1.47144 0
0.86 1.47134 0
0.87 1.47124 0
0.88 1.47114 0
0.89 1.47105 0
0.9 1.47096 0
0.91 1.47087 0
0.92 1.47079 0
0.93 1.47071 0
0.94 1.47063 0
0.95 1.47055 0
0.96 1.47048 0
0.97 1.47041 0
0.98 1.47034 0
0.99 1.47027 0
1 1.4702 0
1.01 1.47014 0
1.02 1.47008 0
1.03 1.47002 0
1.04 1.46996 0
1.05 1.4699 0
1.06 1.46985 0
1.07 1.46979 0
1.08 1.46974 0
1.09 1.46969 0
1.1 1.46964 0
1.11 1.4696 0
1.12 1.46955 0
1.13 1.46951 0
1.14 1.46946 0
1.15 1.46942 0
1.16 1.46938 0
1.17 1.46934 0
1.18 1.4693 0
1.19 1.46926 0
1.2 1.46922 0
1.21 1.46918 0
1.22 1.46915 0
1.23 1.46911 0
1.24 1.46908 0
1.25 1.46904 0
1.26 1.46901 0
1.27 1.46898 0
1.28 1.46895 0
1.29 1.46892 0
1.3 1.46889 0
1.31 1.46886 0
1.32 1.46883 0
1.33 1.4688 0
1.34 1.46878 0
1.35 1.46875 0
1.36 1.46873 0
1.37 1.4687 0
1.38 1.46868 0
1.39 1.46865 0
1.4 1.46863 0
1.41 1.46861 0
1.42 1.46858 0
1.43 1.46856 0
1.44 1.46854 0
1.45 1.46852 0
1.46 1.4685 0
1.47 1.46848 0
1.48 1.46846 0
1.49 1.46844 0
1.5 1.46842 0
1.51 1.4684 0
1.52 1.46838 0
1.53 1.46836 0
1.54 1.46835 0
1.55 1.46833 0
1.56 1.46831 0
1.57 1.46829 0
1.58 1.46828 0
1.59 1.46826 0
1.6 1.46825 0
1.61 1.46823 0
1.62 1.46822 0
1.63 1.4682 0
1.64 1.46819 0
1.65 1.46817 0
1.66 1.46816 0
1.67 1.46814 0
1.68 1.46813 0
1.69 1.46812 0
1.7 1.4681 0
1.71 1.46809 0
1.72 1.46808 0
1.73 1.46806 0
1.74 1.46805 0
1.75 1.46804 0
1.76 1.46803 0
1.77 1.46802 0
1.78 1.46801 0
1.79 1.46799 0
1.8 1.46798 0
1.81 1.46797 0
1.82 1.46796 0
1.83 1.46795 0
1.84 1.46794 0
1.85 1.46793 0
1.86 1.46792 0
1.87 1.46791 0
1.88 1.4679 0
1.89 1.46789 0
1.9 1.46788 0
1.91 1.46787 0
1.92 1.46786 0
1.93 1.46785 0
1.94 1.46785 0
1.95 1.46784 0
1.96 1.46783 0
1.97 1.46782 0
1.98 1.46781 0
1.99 1.46781 0
2 1.4678 0
