nk
0.190746 1.23985 
SOPRA N&K Database
56
0.190746 1.50379 0
0.193727 1.50082 0
0.196802 1.49795 0
0.199976 1.49518 0
0.203254 1.49249 0
0.206642 1.48989 0
0.210144 1.48737 0
0.213768 1.48494 0
0.217518 1.48258 0
0.221402 1.4803 0
0.225428 1.47809 0
0.229602 1.47595 0
0.233934 1.47388 0
0.238433 1.47187 0
0.243108 1.46993 0
0.24797 1.46804 0
0.253031 1.46622 0
0.258302 1.46445 0
0.263798 1.46274 0
0.269533 1.46109 0
0.275523 1.45948 0
0.281785 1.45793 0
0.288338 1.45643 0
0.295203 1.45498 0
0.302403 1.45357 0
0.309963 1.45221 0
0.317911 1.45089 0
0.326277 1.44962 0
0.335095 1.44839 0
0.344403 1.4472 0
0.354243 1.44606 0
0.364662 1.44495 0
0.375713 1.44388 0
0.387454 1.44285 0
0.399952 1.44186 0
0.413284 1.4409 0
0.427535 1.43998 0
0.442804 1.43909 0
0.459204 1.43824 0
0.476866 1.43742 0
0.495941 1.43663 0
0.516605 1.43588 0
0.539066 1.43515 0
0.563569 1.43445 0
0.590406 1.43378 0
0.619926 1.43314 0
0.652554 1.43252 0
0.688807 1.43193 0
0.729325 1.43136 0
0.774907 1.4308 0
0.826568 1.43026 0
0.885608 1.42973 0
0.953732 1.4292 0
1.03321 1.42867 0
1.12714 1.42811 0
1.23985 1.42751 0
