nk
0.25 0.9 
SOPRA N&K Database
66
0.25 1.49809 0
0.26 1.49053 0
0.27 1.484 0
0.28 1.4783 0
0.29 1.4733 0
0.3 1.46888 0
0.31 1.46495 0
0.32 1.46145 0
0.33 1.4583 0
0.34 1.45547 0
0.35 1.45291 0
0.36 1.45058 0
0.37 1.44846 0
0.38 1.44653 0
0.39 1.44476 0
0.4 1.44313 0
0.41 1.44163 0
0.42 1.44024 0
0.43 1.43896 0
0.44 1.43778 0
0.45 1.43667 0
0.46 1.43564 0
0.47 1.43469 0
0.48 1.43379 0
0.49 1.43295 0
0.5 1.43217 0
0.51 1.43143 0
0.52 1.43074 0
0.53 1.43009 0
0.54 1.42948 0
0.55 1.4289 0
0.56 1.42835 0
0.57 1.42784 0
0.58 1.42735 0
0.59 1.42689 0
0.6 1.42645 0
0.61 1.42603 0
0.62 1.42563 0
0.63 1.42526 0
0.64 1.4249 0
0.65 1.42456 0
0.66 1.42423 0
0.67 1.42392 0
0.68 1.42362 0
0.69 1.42334 0
0.7 1.42307 0
0.71 1.42281 0
0.72 1.42256 0
0.73 1.42233 0
0.74 1.4221 0
0.75 1.42188 0
0.76 1.42167 0
0.77 1.42147 0
0.78 1.42127 0
0.79 1.42109 0
0.8 1.42091 0
0.81 1.42074 0
0.82 1.42057 0
0.83 1.42041 0
0.84 1.42026 0
0.85 1.42011 0
0.86 1.41996 0
0.87 1.41983 0
0.88 1.41969 0
0.89 1.41956 0
0.9 1.41944 0
