nk
0.190746 2.4797 
SOPRA N&K Database
121
0.190746 1.41403 0.886233
0.192225 1.41873 0.883381
0.193727 1.42103 0.880177
0.195252 1.42153 0.876859
0.196802 1.42081 0.873667
0.198376 1.41951 0.870837
0.199976 1.41878 0.868597
0.201602 1.41855 0.867192
0.203254 1.41817 0.866927
0.204934 1.4178 0.868102
0.206642 1.41719 0.870888
0.208378 1.41577 0.875379
0.210144 1.41294 0.881882
0.21194 1.40806 0.890706
0.213768 1.40287 0.900887
0.215626 1.39847 0.911703
0.217518 1.39542 0.923479
0.219443 1.39467 0.937075
0.221402 1.39545 0.958045
0.223397 1.39652 0.974059
0.225428 1.39711 0.989689
0.227496 1.39835 1.15267
0.229602 1.64514 1.22426
0.231748 1.94724 1.50038
0.233934 1.97197 1.51122
0.236162 1.96517 1.48818
0.238433 1.96787 1.48116
0.240748 1.96765 1.4797
0.243108 1.97223 1.47685
0.245515 1.98155 1.50036
0.24797 2.00269 1.55168
0.250475 2.03726 1.60305
0.253031 2.09816 1.64323
0.25564 2.18928 1.65976
0.258302 2.27394 1.62633
0.261021 2.35248 1.57393
0.263798 2.41075 1.52394
0.266635 2.44037 1.47613
0.269533 2.44412 1.43387
0.272495 2.42941 1.3989
0.275523 2.42457 1.40927
0.278618 2.45676 1.44537
0.281785 2.53225 1.44188
0.285023 2.60492 1.38976
0.288338 2.62493 1.33165
0.29173 2.60271 1.30557
0.295203 2.61232 1.3372
0.298759 2.72813 1.37842
0.302403 2.82373 1.27619
0.306136 2.85991 1.17748
0.309963 2.87098 1.10095
0.313887 2.87067 1.02928
0.317911 2.86241 0.977102
0.322039 2.84883 0.936491
0.326277 2.83462 0.896711
0.330627 2.82081 0.864442
0.335095 2.80649 0.840506
0.339685 2.79367 0.815688
0.344403 2.78367 0.793027
0.349254 2.77384 0.775236
0.354243 2.76205 0.756717
0.359377 2.75475 0.743447
0.364662 2.74662 0.727326
0.370105 2.73774 0.70959
0.375713 2.7298 0.693796
0.381493 2.72293 0.67966
0.387454 2.71689 0.666238
0.393604 2.71169 0.6536
0.399952 2.70731 0.641896
0.406509 2.70447 0.630866
0.413284 2.70336 0.62005
0.420289 2.70084 0.609076
0.427535 2.69687 0.596914
0.435036 2.6951 0.583122
0.442804 2.69563 0.571707
0.450855 2.69516 0.55988
0.459204 2.69443 0.547435
0.467869 2.6969 0.536166
0.476866 2.70141 0.525747
0.486216 2.70442 0.514698
0.495941 2.7061 0.50332
0.506062 2.70921 0.493109
0.516605 2.71487 0.48465
0.527597 2.72396 0.479792
0.539066 2.73945 0.484062
0.551045 2.756 0.484863
0.563569 2.7646 0.461713
0.576675 2.76107 0.437575
0.590406 2.75524 0.398551
0.604806 2.75014 0.346822
0.619926 2.74411 0.29737
0.635821 2.73522 0.26115
0.652554 2.7321 0.247869
0.67019 2.74478 0.246193
0.688807 2.77847 0.237699
0.708487 2.83776 0.207743
0.729325 2.82902 0.020391
0.751425 2.74326 0.004849
0.774907 2.69196 0.000567
0.799904 2.65746 6e-06
0.826568 2.63461 6e-06
0.85507 2.61489 5e-06
0.885608 2.5966 5e-06
0.918409 2.58218 5e-06
0.953732 2.5682 4e-06
0.991881 2.55199 4e-06
1.03321 2.53837 4e-06
1.07813 2.53148 4e-06
1.12714 2.52667 4e-06
1.18081 2.52086 4e-06
1.23985 2.51285 4e-06
1.30511 2.50439 4e-06
1.37761 2.49614 4e-06
1.45865 2.48798 4e-06
1.54981 2.47878 4e-06
1.65314 2.47021 4e-06
1.77122 2.46582 4e-06
1.90746 2.46622 4e-06
2.06642 2.46693 5e-06
2.25428 2.46152 5e-06
2.4797 2.4556 5e-06
