nk
0.24797 2.4797 
SOPRA N&K Database
91
0.24797 2.48 2.2
0.250475 2.4769 2.1219
0.253031 2.48 2.04
0.25564 2.4856 1.9606
0.258302 2.49 1.89
0.261021 2.4875 1.84
0.263798 2.48 1.8
0.266635 2.4656 1.7631
0.269533 2.45 1.73
0.272495 2.4394 1.6975
0.275523 2.43 1.67
0.278618 2.4206 1.6538
0.281785 2.41 1.64
0.285023 2.395 1.62
0.288338 2.38 1.6
0.29173 2.37 1.5813
0.295203 2.36 1.57
0.298759 2.34 1.5706
0.302403 2.33 1.59
0.306136 2.3469 1.6394
0.309963 2.39 1.71
0.313887 2.4694 1.8206
0.317911 2.57 1.9
0.322039 2.6887 1.8569
0.326277 2.8 1.77
0.330627 2.8738 1.6862
0.335095 2.92 1.61
0.339685 2.935 1.5663
0.344403 2.93 1.54
0.349254 2.9094 1.5163
0.354243 2.89 1.52
0.359377 2.8731 1.5938
0.364662 2.91 1.67
0.370105 3.0975 1.7112
0.375713 3.3 1.67
0.381493 3.395 1.4237
0.387454 3.44 1.16
0.393604 3.4475 1.0681
0.399952 3.43 1.02
0.406509 3.4041 0.9404
0.413284 3.37 0.861
0.420289 3.3401 0.7989
0.427535 3.3109 0.7467
0.435036 3.2825 0.703
0.442804 3.2554 0.6666
0.450855 3.23 0.636
0.459204 3.2096 0.6084
0.467869 3.1908 0.5845
0.476866 3.1732 0.5632
0.486216 3.1564 0.5437
0.495941 3.14 0.525
0.506062 3.121 0.5006
0.516605 3.1023 0.4766
0.527597 3.0841 0.4533
0.539066 3.0666 0.4313
0.551045 3.05 0.411
0.563569 3.0359 0.3949
0.576675 3.023 0.3809
0.590406 3.011 0.369
0.604806 3.0001 0.359
0.619926 2.99 0.351
0.635821 2.9788 0.3463
0.652554 2.9688 0.3431
0.67019 2.9604 0.341
0.688807 2.954 0.3394
0.708487 2.95 0.338
0.729325 2.9642 0.335
0.751425 2.9777 0.331
0.774907 2.9872 0.327
0.799904 2.9891 0.323
0.826568 2.98 0.319
0.85507 2.9565 0.315
0.885608 2.9205 0.310999
0.918409 2.894 0.306999
0.953732 2.872 0.302998
0.991881 2.8527 0.298994
1.03321 2.8353 0.294992
1.07813 2.8195 0.291
1.12714 2.805 0.286989
1.18081 2.7917 0.28298
1.23985 2.7793 0.278971
1.30511 2.7679 0.27496
1.37761 2.7573 0.270945
1.45865 2.7475 0.266924
1.54981 2.7384 0.262895
1.65314 2.7301 0.258853
1.77122 2.7223 0.254805
1.90746 2.7152 0.250745
2.06642 2.7086 0.246657
2.25428 2.7027 0.242566
2.4797 2.6972 0.238428
