nk
0.25 0.9 
SOPRA N&K Database
66
0.25 1.22378 1.74458
0.26 1.22464 1.80023
0.27 1.21985 1.86486
0.28 1.21004 1.93896
0.29 1.20923 2.01974
0.3 1.2176 2.10584
0.31 1.22596 2.19056
0.32 1.23966 2.27415
0.33 1.25881 2.36094
0.34 1.27653 2.44889
0.35 1.29569 2.53269
0.36 1.31198 2.61318
0.37 1.32534 2.70495
0.38 1.35443 2.81353
0.39 1.40927 2.9103
0.4 1.45517 3.00211
0.41 1.50388 3.08393
0.42 1.55774 3.16532
0.43 1.6124 3.24625
0.44 1.66779 3.32481
0.45 1.72961 3.39858
0.46 1.78853 3.46609
0.47 1.84008 3.53093
0.48 1.89882 3.59432
0.49 1.96145 3.65454
0.5 2.02542 3.72028
0.51 2.08588 3.7772
0.52 2.14197 3.83933
0.53 2.19635 3.88499
0.54 2.26193 3.93578
0.55 2.31504 3.98182
0.56 2.37442 4.02933
0.57 2.43372 4.07833
0.58 2.49337 4.12214
0.59 2.55446 4.16132
0.6 2.61387 4.20278
0.61 2.68184 4.24395
0.62 2.74599 4.27248
0.63 2.80048 4.30011
0.64 2.85942 4.33555
0.65 2.91188 4.36746
0.66 2.96092 4.39498
0.67 3.01528 4.41455
0.68 3.07756 4.44262
0.69 3.13176 4.45773
0.7 3.17623 4.47869
0.71 3.22381 4.50631
0.72 3.27549 4.53745
0.73 3.32191 4.56362
0.74 3.36255 4.56947
0.75 3.40341 4.59263
0.76 3.44675 4.61181
0.77 3.49112 4.64335
0.78 3.53864 4.66311
0.79 3.57864 4.68734
0.8 3.61807 4.71229
0.81 3.65601 4.73267
0.82 3.70546 4.75962
0.83 3.73911 4.77441
0.84 3.76674 4.79581
0.85 3.79263 4.82357
0.86 3.81702 4.84185
0.87 3.86214 4.86596
0.88 3.89028 4.87938
0.89 3.89855 4.88946
0.9 3.84993 4.76589
