nk
0.187856 1.90746 
SOPRA N&K Database
120
0.187856 1.16 1.59
0.18929 1.17986 1.60431
0.190746 1.19882 1.6193
0.192225 1.21691 1.63484
0.193727 1.23416 1.65081
0.195252 1.25063 1.6671
0.196802 1.26634 1.68357
0.198376 1.28133 1.7001
0.199976 1.29565 1.71658
0.201602 1.30932 1.73287
0.203254 1.32239 1.74886
0.204934 1.33489 1.76443
0.206642 1.34686 1.77945
0.208378 1.35835 1.7938
0.210144 1.36938 1.80736
0.21194 1.38 1.82
0.213768 1.39221 1.82793
0.215626 1.40406 1.83475
0.217518 1.41541 1.84066
0.219443 1.42615 1.84581
0.221402 1.43615 1.8504
0.223397 1.44528 1.85458
0.225428 1.45344 1.85855
0.227496 1.46049 1.86248
0.229602 1.46631 1.86654
0.231748 1.47002 1.87116
0.233934 1.46945 1.87721
0.236162 1.46788 1.88371
0.238433 1.4655 1.89076
0.240748 1.46248 1.89841
0.243108 1.45902 1.90675
0.245515 1.4553 1.91585
0.24797 1.4515 1.92578
0.250475 1.44883 1.93717
0.253031 1.44702 1.94985
0.25564 1.44539 1.96341
0.258302 1.44393 1.97784
0.261021 1.44264 1.99309
0.263798 1.44154 2.00915
0.266635 1.44061 2.02599
0.269533 1.43992 2.04356
0.272495 1.43962 2.06182
0.275523 1.43946 2.08077
0.278618 1.43943 2.10042
0.281785 1.43949 2.12073
0.285023 1.43962 2.1417
0.288338 1.43979 2.16329
0.29173 1.43997 2.18549
0.295203 1.43937 2.20835
0.298759 1.43878 2.23177
0.302403 1.43856 2.25571
0.306136 1.43883 2.28012
0.309963 1.43973 2.30498
0.313887 1.44208 2.32913
0.317911 1.44535 2.35363
0.322039 1.44929 2.3791
0.326277 1.45384 2.40583
0.330627 1.45892 2.43412
0.335095 1.46433 2.46562
0.339685 1.47014 2.49928
0.344403 1.47636 2.53464
0.349254 1.48299 2.57158
0.354243 1.49 2.61
0.359377 1.49631 2.64974
0.364662 1.50321 2.69072
0.370105 1.51096 2.73283
0.375713 1.51981 2.77596
0.381493 1.53 2.82
0.387454 1.54248 2.86504
0.393604 1.55664 2.91072
0.399952 1.57256 2.95688
0.406509 1.59032 3.00336
0.413284 1.61 3.05
0.420289 1.63328 3.09472
0.427535 1.65824 3.13976
0.435036 1.68456 3.18544
0.442804 1.71192 3.23208
0.450855 1.74 3.28
0.459204 1.7663 3.33173
0.467869 1.79322 3.38482
0.476866 1.82099 3.43905
0.486216 1.84985 3.49419
0.495941 1.88 3.55
0.506062 1.91509 3.6064
0.516605 1.95097 3.66297
0.527597 1.98699 3.71944
0.539066 2.02246 3.77555
0.551045 2.05658 3.83042
0.563569 2.08852 3.88305
0.576675 2.11858 3.93745
0.590406 2.1459 3.9965
0.604806 2.17093 4.05915
0.619926 2.19467 4.12191
0.635821 2.21771 4.18181
0.652554 2.24069 4.24398
0.67019 2.26355 4.31294
0.688807 2.28789 4.38788
0.708487 2.31637 4.46518
0.729325 2.35132 4.54252
0.751425 2.39138 4.6233
0.774907 2.43796 4.70866
0.799904 2.48844 4.80054
0.826568 2.54 4.90152
0.85507 2.59 5.01446
0.885608 2.64 5.13509
0.918409 2.68792 5.25888
0.953732 2.73728 5.38912
0.991881 2.79141 5.52944
1.03321 2.85317 5.68293
1.07813 2.92442 5.84624
1.12714 3.01207 6.02013
1.18081 3.10946 6.20042
1.23985 3.21013 6.38032
1.30511 3.30964 6.55765
1.37761 3.40529 6.74009
1.45865 3.48622 6.93657
1.54981 3.56353 7.14034
1.65314 3.64529 7.34684
1.77122 3.73793 7.55266
1.90746 3.84788 7.75439
