nk
0.206642 1.23985 
SOPRA N&K Database
101
0.206642 1.46 1.71
0.208378 1.4575 1.71687
0.210144 1.46 1.72
0.21194 1.465 1.72063
0.213768 1.47 1.72
0.215626 1.47188 1.71938
0.217518 1.47 1.72
0.219443 1.46125 1.72437
0.221402 1.45 1.73
0.223397 1.44 1.73438
0.225428 1.43 1.74
0.227496 1.42 1.74937
0.229602 1.41 1.76
0.231748 1.4 1.76937
0.233934 1.39 1.78
0.236162 1.37938 1.79375
0.238433 1.37 1.81
0.240748 1.36375 1.82875
0.243108 1.36 1.85
0.245515 1.35875 1.87437
0.24797 1.36 1.9
0.250475 1.36437 1.925
0.253031 1.37 1.95
0.25564 1.37563 1.975
0.258302 1.38 2
0.261021 1.38 2.02562
0.263798 1.38 2.05
0.266635 1.3825 2.07
0.269533 1.39 2.09
0.272495 1.41 2.11437
0.275523 1.43 2.14
0.278618 1.43625 2.165
0.281785 1.44 2.19
0.285023 1.44813 2.21437
0.288338 1.46 2.24
0.29173 1.47875 2.27
0.295203 1.5 2.3
0.298759 1.52 2.32563
0.302403 1.54 2.35
0.306136 1.55937 2.375
0.309963 1.58 2.4
0.313887 1.605 2.425
0.317911 1.63 2.45
0.322039 1.65063 2.475
0.326277 1.67 2.5
0.330627 1.68875 2.52562
0.335095 1.71 2.55
0.339685 1.73812 2.57
0.344403 1.77 2.59
0.349254 1.8075 2.615
0.354243 1.84 2.64
0.359377 1.85187 2.66063
0.364662 1.86 2.68
0.370105 1.87813 2.69937
0.375713 1.9 2.72
0.381493 1.92375 2.7425
0.387454 1.95 2.77
0.393604 1.97875 2.80812
0.399952 2.01 2.85
0.406509 2.04312 2.88937
0.413284 2.08 2.93
0.420289 2.12312 2.975
0.427535 2.17 3.02
0.435036 2.2175 3.06062
0.442804 2.27 3.1
0.450855 2.33125 3.14
0.459204 2.4 3.18
0.467869 2.47625 3.2225
0.476866 2.56 3.26
0.486216 2.655 3.28313
0.495941 2.75 3.3
0.506062 2.82938 3.3175
0.516605 2.91 3.33
0.527597 3.01313 3.3325
0.539066 3.11 3.33
0.551045 3.17813 3.32625
0.563569 3.22 3.32
0.576675 3.225 3.30938
0.590406 3.21 3.3
0.604806 3.18812 3.29688
0.619926 3.16 3.3
0.635821 3.12938 3.3125
0.652554 3.1 3.33
0.67019 3.07625 3.35
0.688807 3.06 3.37
0.708487 3.05437 3.385
0.729325 3.06 3.4
0.751425 3.07875 3.41938
0.774907 3.11 3.44
0.799904 3.15813 3.46
0.826568 3.21 3.48
0.85507 3.25125 3.5
0.885608 3.29 3.52
0.918409 3.32687 3.54125
0.953732 3.37 3.56
0.991881 3.4325 3.5725
1.03321 3.5 3.58
1.07813 3.56438 3.57875
1.12714 3.62 3.58
1.18081 3.66063 3.59125
1.23985 3.68 3.62
