nk
0.210144 12.3985 
SOPRA N&K Database
59
0.210144 1.311 0.928
0.213768 1.315 0.928
0.217518 1.317 0.931
0.221402 1.318 0.933
0.225428 1.32 0.939
0.229602 1.321 0.946
0.233934 1.323 0.956
0.238433 1.326 0.964
0.243108 1.327 0.974
0.24797 1.33 0.984
0.253031 1.331 0.994
0.258302 1.332 1.005
0.263798 1.333 1.017
0.269533 1.335 1.03
0.275523 1.336 1.043
0.281785 1.341 1.064
0.288338 1.346 1.082
0.295203 1.349 1.095
0.302403 1.353 1.11
0.309963 1.353 1.126
0.317911 1.351 1.146
0.326277 1.348 1.174
0.335095 1.347 1.199
0.344403 1.344 1.222
0.354243 1.343 1.262
0.364662 1.348 1.311
0.375713 1.355 1.359
0.387454 1.361 1.399
0.399952 1.373 1.451
0.413284 1.392 1.513
0.427535 1.415 1.573
0.442804 1.443 1.632
0.459204 1.476 1.686
0.476866 1.507 1.743
0.495941 1.557 1.807
0.516605 1.593 1.86
0.539066 1.634 1.929
0.563569 1.689 2.004
0.590406 1.745 2.069
0.619926 1.807 2.142
0.652554 1.877 2.229
0.688807 1.954 2.316
0.729325 2.048 2.411
0.774907 2.171 2.512
0.826568 2.323 2.595
0.885608 2.472 2.667
0.953732 2.666 2.685
1.03321 2.805 2.676
1.12714 2.936 2.64
1.23985 2.995 2.576
1.37761 2.918 2.531
1.54981 2.679 2.669
1.77122 2.467 3.14
2.06642 2.47 3.825
2.4797 2.592 4.456
3.09963 2.816 5.849
4.13284 3.466 7.904
6.19926 5.169 11.23
12.3985 8.613 16.09
