nk
0.0536732 0.112714 
SOPRA N&K Database
121
0.0536732 0.674 0.236
0.0539086 0.668 0.235
0.0541459 0.662 0.233
0.0543854 0.656 0.231
0.054627 0.649 0.23
0.0548708 0.642 0.229
0.0551168 0.635 0.227
0.0553649 0.627 0.227
0.0556154 0.62 0.226
0.0558681 0.613 0.226
0.0561231 0.606 0.227
0.0563804 0.599 0.227
0.0566401 0.593 0.228
0.0569022 0.586 0.229
0.0571668 0.579 0.23
0.0574338 0.572 0.232
0.0577033 0.565 0.233
0.0579754 0.557 0.235
0.05825 0.549 0.238
0.0585273 0.542 0.241
0.0588072 0.534 0.245
0.0590898 0.527 0.25
0.0593751 0.52 0.255
0.0596632 0.513 0.26
0.0599541 0.505 0.266
0.0602479 0.498 0.272
0.0605446 0.491 0.279
0.0608442 0.484 0.286
0.0611467 0.477 0.294
0.0614523 0.47 0.302
0.061761 0.464 0.311
0.0620728 0.46 0.32
0.0623877 0.456 0.33
0.0627059 0.452 0.341
0.0630273 0.448 0.352
0.063352 0.445 0.363
0.0636801 0.442 0.373
0.0640116 0.44 0.384
0.0643466 0.439 0.395
0.0646851 0.438 0.406
0.0650272 0.439 0.417
0.0653729 0.44 0.428
0.0657223 0.441 0.44
0.0660755 0.443 0.451
0.0664325 0.445 0.463
0.0667934 0.446 0.474
0.0671582 0.448 0.485
0.067527 0.451 0.496
0.0678999 0.453 0.507
0.0682769 0.456 0.517
0.0686582 0.46 0.527
0.0690437 0.464 0.537
0.0694336 0.469 0.546
0.0698279 0.474 0.555
0.0702267 0.479 0.564
0.0706301 0.485 0.573
0.0710381 0.49 0.581
0.0714509 0.495 0.589
0.0718685 0.499 0.597
0.0722911 0.504 0.606
0.0727186 0.507 0.615
0.0731512 0.511 0.624
0.073589 0.513 0.633
0.0740321 0.516 0.643
0.0744805 0.517 0.654
0.0749344 0.519 0.664
0.0753938 0.519 0.675
0.075859 0.519 0.687
0.0763299 0.519 0.698
0.0768067 0.52 0.709
0.0772895 0.522 0.719
0.0777784 0.526 0.729
0.0782735 0.53 0.737
0.0787749 0.535 0.744
0.0792829 0.54 0.752
0.0797974 0.544 0.76
0.0803186 0.547 0.768
0.0808467 0.551 0.777
0.0813818 0.554 0.785
0.081924 0.557 0.794
0.0824735 0.559 0.802
0.0830304 0.562 0.81
0.0835949 0.564 0.817
0.0841671 0.565 0.824
0.0847472 0.567 0.83
0.0853354 0.569 0.835
0.0859317 0.569 0.84
0.0865365 0.57 0.845
0.0871498 0.569 0.848
0.0877719 0.568 0.849
0.088403 0.566 0.848
0.0890432 0.564 0.842
0.0896927 0.561 0.831
0.0903517 0.558 0.818
0.0910206 0.553 0.801
0.0916994 0.545 0.782
0.0923884 0.535 0.764
0.0930878 0.521 0.744
0.0937979 0.506 0.722
0.0945189 0.488 0.698
0.0952511 0.47 0.67
0.0959947 0.451 0.638
0.09675 0.433 0.602
0.0975173 0.417 0.564
0.0982969 0.404 0.526
0.0990891 0.393 0.487
0.0998941 0.384 0.45
0.100712 0.377 0.414
0.101544 0.371 0.38
0.10239 0.366 0.349
0.103249 0.364 0.322
0.104124 0.364 0.299
0.105013 0.365 0.279
0.105917 0.367 0.265
0.106838 0.367 0.254
0.107774 0.365 0.248
0.108727 0.361 0.247
0.109697 0.355 0.248
0.110685 0.346 0.254
0.11169 0.336 0.263
0.112714 0.326 0.294
