nk
0.190746 2.4797 
SOPRA N&K Database
121
0.190746 0.958 1.37
0.192225 0.957093 1.39224
0.193727 0.958857 1.41457
0.195252 0.96305 1.43694
0.196802 0.969428 1.45929
0.198376 0.97775 1.48156
0.199976 0.987771 1.50371
0.201602 0.99925 1.52569
0.203254 1.01194 1.54743
0.204934 1.02561 1.56888
0.206642 1.04 1.59
0.208378 1.05488 1.61072
0.210144 1.07 1.631
0.21194 1.08438 1.65063
0.213768 1.1 1.67
0.215626 1.11938 1.69
0.217518 1.14 1.709
0.219443 1.15938 1.7255
0.221402 1.18 1.74
0.223397 1.20437 1.75238
0.225428 1.23 1.763
0.227496 1.255 1.77175
0.229602 1.28 1.78
0.231748 1.305 1.7905
0.233934 1.33 1.799
0.236162 1.35531 1.80075
0.238433 1.38 1.8
0.240748 1.40281 1.80075
0.243108 1.425 1.799
0.245515 1.44844 1.79087
0.24797 1.47 1.78
0.250475 1.48594 1.77025
0.253031 1.5 1.757
0.25564 1.51719 1.73381
0.258302 1.53 1.71
0.261021 1.52969 1.69381
0.263798 1.525 1.682
0.266635 1.52313 1.67562
0.269533 1.52 1.67
0.272495 1.51313 1.65875
0.275523 1.505 1.648
0.278618 1.49875 1.64331
0.281785 1.49 1.64
0.285023 1.47375 1.63331
0.288338 1.455 1.629
0.29173 1.43781 1.63088
0.295203 1.42 1.64
0.298759 1.40031 1.66213
0.302403 1.38 1.687
0.306136 1.35844 1.70331
0.309963 1.34 1.72
0.313887 1.32906 1.74456
0.317911 1.325 1.77
0.322039 1.3325 1.79163
0.326277 1.34 1.81
0.330627 1.33438 1.82212
0.335095 1.325 1.834
0.339685 1.31781 1.85175
0.344403 1.31 1.872
0.349254 1.30031 1.89425
0.354243 1.29 1.916
0.359377 1.28156 1.93169
0.364662 1.27 1.95
0.370105 1.24906 1.97244
0.375713 1.225 2.015
0.381493 1.2 2.12156
0.387454 1.18 2.21
0.393604 1.17437 2.17719
0.399952 1.175 2.13
0.406509 1.1775 2.16006
0.413284 1.18 2.21
0.420289 1.17813 2.24994
0.427535 1.175 2.289
0.435036 1.17281 2.326
0.442804 1.17 2.362
0.450855 1.16531 2.39763
0.459204 1.16 2.433
0.467869 1.15531 2.46919
0.476866 1.15 2.504
0.486216 1.14281 2.53587
0.495941 1.135 2.564
0.506062 1.13156 2.58962
0.516605 1.12 2.605
0.527597 1.09244 2.59556
0.539066 1.04 2.583
0.551045 0.950375 2.5765
0.563569 0.826 2.599
0.576675 0.645875 2.67806
0.590406 0.468 2.809
0.604806 0.35125 3.01075
0.619926 0.272 3.24
0.635821 0.230813 3.45819
0.652554 0.214 3.67
0.67019 0.20925 3.86313
0.688807 0.213 4.05
0.708487 0.21625 4.23956
0.729325 0.223 4.43
0.751425 0.2365 4.61956
0.774907 0.25 4.817
0.799904 0.254188 5.03413
0.826568 0.26 5.26
0.85507 0.28 5.48562
0.885608 0.3 5.717
0.918409 0.30625 5.95337
0.953732 0.31 6.206
0.991881 0.31625 6.48325
1.03321 0.33 6.793
1.07813 0.364188 7.14681
1.12714 0.4 7.542
1.18081 0.414438 8.11656
1.23985 0.433 8.46
1.30511 0.482188 7.91113
1.37761 0.536 7.36
1.45865 0.570125 7.66937
1.54981 0.606 8.26
1.65314 0.658438 8.79187
1.77122 0.723 9.41
1.90746 0.797563 10.1394
2.06642 0.89 11
2.25428 1.00569 12.0131
2.4797 1.15 13.2
