nk
0.295203 2.4797 
SOPRA N&K Database
75
0.295203 2.17858 1.58335
0.298759 2.17954 1.52045
0.302403 2.1811 1.46164
0.306136 2.18329 1.40675
0.309963 2.18608 1.35559
0.313887 2.18948 1.308
0.317911 2.1935 1.26379
0.322039 2.19812 1.22277
0.326277 2.20336 1.18479
0.330627 2.2092 1.14964
0.335095 2.21565 1.11716
0.339685 2.2227 1.08716
0.344403 2.23036 1.05947
0.349254 2.23862 1.03391
0.354243 2.24749 1.01029
0.359377 2.25696 0.988441
0.364662 2.26702 0.968184
0.370105 2.27769 0.949337
0.375713 2.28896 0.931723
0.381493 2.30082 0.915161
0.387454 2.31329 0.899472
0.393604 2.32635 0.884478
0.399952 2.34 0.87
0.406509 2.35498 0.855138
0.413284 2.37043 0.840557
0.420289 2.38627 0.826153
0.427535 2.40242 0.811821
0.435036 2.41881 0.797457
0.442804 2.43536 0.782956
0.450855 2.45215 0.768197
0.459204 2.46992 0.75297
0.467869 2.48732 0.737331
0.476866 2.50407 0.721201
0.486216 2.5199 0.704498
0.495941 2.53454 0.687143
0.506062 2.54507 0.668975
0.516605 2.55306 0.64997
0.527597 2.56118 0.630135
0.539066 2.57029 0.609426
0.551045 2.58153 0.58787
0.563569 2.59802 0.565932
0.576675 2.61638 0.542613
0.590406 2.63624 0.517596
0.604806 2.6547 0.490007
0.619926 2.67094 0.459431
0.635821 2.69354 0.427495
0.652554 2.72849 0.394976
0.67019 2.78619 0.3631
0.688807 2.84661 0.329994
0.708487 2.90211 0.295697
0.729325 2.94562 0.259105
0.751425 2.97068 0.216871
0.774907 2.96879 0.162816
0.799904 2.94 0.11
0.826568 2.87016 0.065856
0.85507 2.80066 0.037472
0.885608 2.75644 0.030896
0.918409 2.71977 0.026297
0.953732 2.68668 0.019222
0.991881 2.65561 0.011468
1.03321 2.63302 0.00532
1.07813 2.61664 0.001204
1.12714 2.60024 0.000395
1.18081 2.58438 0.000188
1.23985 2.57513 0
1.30511 2.56931 0
1.37761 2.56153 0
1.45865 2.55939 0
1.54981 2.55923 0
1.65314 2.55695 0
1.77122 2.55412 0
1.90746 2.55136 0
2.06642 2.5493 0
2.25428 2.54857 0
2.4797 2.5498 0
