nk
0.0536732 0.112714 
SOPRA N&K Database
122
0.0536732 0.687 0.247
0.0539066 0.68 0.246
0.054142 0.672 0.246
0.0543795 0.665 0.145
0.054619 0.657 0.244
0.0548607 0.649 0.243
0.0551045 0.64 0.241
0.0553505 0.631 0.24
0.0555987 0.623 0.24
0.0558492 0.614 0.239
0.0561019 0.606 0.239
0.0563569 0.598 0.24
0.0566142 0.59 0.241
0.0568739 0.582 0.242
0.057136 0.575 0.244
0.0574005 0.568 0.245
0.0576675 0.561 0.247
0.057937 0.553 0.249
0.058209 0.544 0.25
0.0584836 0.535 0.252
0.0587607 0.526 0.254
0.0590406 0.517 0.258
0.0593231 0.509 0.262
0.0596083 0.5 0.267
0.0598962 0.492 0.272
0.060187 0.483 0.277
0.0604806 0.475 0.283
0.060777 0.466 0.289
0.0610764 0.457 0.295
0.0613788 0.448 0.303
0.0616842 0.439 0.31
0.0619926 0.431 0.318
0.0623041 0.423 0.328
0.0626188 0.416 0.338
0.0629366 0.41 0.349
0.0632577 0.405 0.36
0.0635821 0.4 0.371
0.0639099 0.396 0.382
0.064241 0.393 0.394
0.0645756 0.39 0.406
0.0649137 0.387 0.418
0.0652554 0.385 0.43
0.0656006 0.384 0.443
0.0659496 0.382 0.456
0.0663022 0.381 0.47
0.0666587 0.38 0.483
0.067019 0.379 0.496
0.0673833 0.38 0.509
0.0677515 0.382 0.521
0.0681237 0.384 0.532
0.0685001 0.388 0.543
0.0688807 0.392 0.553
0.0692655 0.396 0.563
0.0696546 0.401 0.572
0.0700481 0.406 0.58
0.0704461 0.411 0.588
0.0708487 0.415 0.597
0.0712559 0.42 0.605
0.0716677 0.423 0.614
0.0720844 0.424 0.623
0.072506 0.424 0.632
0.0729325 0.423 0.643
0.073364 0.421 0.655
0.0738007 0.417 0.667
0.0742426 0.413 0.681
0.0746899 0.407 0.695
0.0751425 0.402 0.711
0.0756007 0.395 0.729
0.0760645 0.389 0.748
0.0765341 0.383 0.769
0.0770094 0.379 0.79
0.0774907 0.375 0.812
0.0779781 0.374 0.833
0.0784716 0.374 0.854
0.0789715 0.376 0.874
0.0794777 0.379 0.893
0.0799904 0.382 0.911
0.0805099 0.385 0.929
0.0810361 0.389 0.946
0.0815692 0.392 0.964
0.0821094 0.395 0.983
0.0826568 0.398 1.001
0.0832115 0.402 1.018
0.0837738 0.407 1.034
0.0843437 0.413 1.048
0.0849214 0.421 1.058
0.085507 0.428 1.065
0.0861008 0.436 1.067
0.0867029 0.442 1.066
0.0873135 0.448 1.06
0.0879328 0.451 1.049
0.0885608 0.454 1.034
0.089198 0.454 1.014
0.0898443 0.452 0.993
0.0905001 0.448 0.97
0.0911656 0.44 0.948
0.0918409 0.419 0.924
0.0925263 0.415 0.899
0.0932219 0.399 0.872
0.0939282 0.383 0.84
0.0946452 0.366 0.805
0.0953732 0.35 0.766
0.0961125 0.336 0.722
0.0968634 0.325 0.675
0.0976261 0.315 0.625
0.0984009 0.307 0.574
0.0991881 0.301 0.522
0.099988 0.296 0.471
0.100801 0.292 0.421
0.101627 0.291 0.373
0.102467 0.292 0.329
0.103321 0.296 0.29
0.104189 0.303 0.258
0.105072 0.309 0.233
0.10597 0.314 0.213
0.106884 0.314 0.201
0.107813 0.308 0.193
0.108759 0.293 0.189
0.109721 0.268 0.192
0.110701 0.232 0.203
0.111698 0.19 0.127
0.112714 0.152 0.268
