nk
0.206642 2.4797 
SOPRA N&K Database
111
0.206642 1.264 2.472
0.208378 1.27283 2.52092
0.210144 1.288 2.557
0.21194 1.30012 2.591
0.213768 1.311 2.625
0.215626 1.31794 2.66519
0.217518 1.325 2.71
0.219443 1.33575 2.76025
0.221402 1.349 2.815
0.223397 1.36456 2.87312
0.225428 1.383 2.936
0.227496 1.40431 3.00406
0.229602 1.43 3.079
0.231748 1.46119 3.16162
0.233934 1.499 3.255
0.236162 1.54062 3.36106
0.238433 1.599 3.484
0.240748 1.67731 3.63575
0.243108 1.802 3.795
0.245515 2.01162 3.96125
0.24797 2.273 4.084
0.250475 2.58269 4.10088
0.253031 2.89 4.047
0.25564 3.13856 3.92606
0.258302 3.342 3.77
0.261021 3.48756 3.61137
0.263798 3.598 3.452
0.266635 3.6905 3.30625
0.269533 3.769 3.169
0.272495 3.84531 3.04856
0.275523 3.913 2.919
0.278618 3.97775 2.74431
0.281785 4.015 2.563
0.285023 3.99144 2.40119
0.288338 3.939 2.26
0.29173 3.87712 2.15181
0.295203 3.81 2.069
0.298759 3.74863 2.01012
0.302403 3.692 1.969
0.306136 3.64306 1.93925
0.309963 3.601 1.92
0.313887 3.56612 1.90863
0.317911 3.538 1.904
0.322039 3.51656 1.90413
0.326277 3.501 1.909
0.330627 3.49006 1.91819
0.335095 3.485 1.931
0.339685 3.48675 1.94637
0.344403 3.495 1.965
0.349254 3.50956 1.98719
0.354243 3.531 2.013
0.359377 3.55869 2.04212
0.364662 3.596 2.076
0.370105 3.64225 2.11506
0.375713 3.709 2.162
0.381493 3.80337 2.23925
0.387454 3.938 2.288
0.393604 4.16131 2.23725
0.399952 4.373 2.146
0.406509 4.43425 2.05231
0.413284 4.509 1.948
0.420289 4.79481 1.86775
0.427535 5.052 1.721
0.435036 5.056 1.36025
0.442804 4.959 0.991
0.450855 4.83331 0.807688
0.459204 4.694 0.696
0.467869 4.58638 0.605188
0.476866 4.492 0.539
0.486216 4.40788 0.484563
0.495941 4.333 0.441
0.506062 4.26562 0.403063
0.516605 4.205 0.371
0.527597 4.14994 0.343875
0.539066 4.1 0.32
0.551045 4.0545 0.297063
0.563569 4.013 0.276
0.576675 3.97494 0.257063
0.590406 3.94 0.24
0.604806 3.90769 0.22525
0.619926 3.878 0.211
0.635821 3.85069 0.194938
0.652554 3.826 0.179
0.67019 3.80494 0.165438
0.688807 3.785 0.151
0.708487 3.76356 0.131063
0.729325 3.742 0.112
0.751425 3.72044 0.09975
0.774907 3.7 0.091
0.799904 3.68363 0.089082
0.826568 3.666 0.08
0.85507 3.64257 0.040263
0.885608 3.614 0.00169
0.918409 3.57607 0.004049
0.953732 3.5388 0
0.991881 3.51304 0.000106
1.03321 3.492 0
1.07813 3.47234 0
1.12714 3.4546 0
1.18081 3.43823 0
1.23985 3.4232 0
1.30511 3.40931 0
1.37761 3.3965 0
1.45865 3.38464 0
1.54981 3.3737 0
1.65314 3.36361 0
1.77122 3.3543 0
1.90746 3.3457 0
2.06642 3.3378 0
2.25428 3.3306 0
2.4797 3.324 0
