nk
0.206642 1.23985 
SOPRA N&K Database
101
0.206642 1.99 0.664
0.208378 1.98756 0.65625
0.210144 1.999 0.647
0.21194 2.02169 0.63575
0.213768 2.053 0.622
0.215626 2.09019 0.605
0.217518 2.131 0.585
0.219443 2.17325 0.562313
0.221402 2.214 0.536
0.223397 2.25212 0.506125
0.225428 2.28 0.47
0.227496 2.28613 0.422812
0.229602 2.281 0.371
0.231748 2.271 0.318562
0.233934 2.257 0.268
0.236162 2.242 0.22325
0.238433 2.226 0.184
0.240748 2.21019 0.152063
0.243108 2.194 0.125
0.245515 2.17687 0.100875
0.24797 2.16 0.08
0.250475 2.14475 0.062062
0.253031 2.13 0.047
0.25564 2.11525 0.034687
0.258302 2.1 0.025
0.261021 2.08325 0.017937
0.263798 2.066 0.013
0.266635 2.04887 0.00975
0.269533 2.032 0.008
0.272495 2.01531 0.007813
0.275523 2 0.008
0.278618 1.98762 0.007125
0.281785 1.977 0.006
0.285023 1.96756 0.004875
0.288338 1.959 0.004
0.29173 1.95063 0.003875
0.295203 1.943 0.004
0.298759 1.93669 0.003938
0.302403 1.931 0.004
0.306136 1.9255 0.004562
0.309963 1.92 0.005
0.313887 1.91394 0.004563
0.317911 1.908 0.004
0.322039 1.90288 0.004
0.326277 1.898 0.004
0.330627 1.89294 0.0035
0.335095 1.888 0.003
0.339685 1.88344 0.003
0.344403 1.879 0.003
0.349254 1.87444 0.002563
0.354243 1.87 0.002
0.359377 1.866 0.001438
0.364662 1.862 0.001
0.370105 1.8575 0.000937
0.375713 1.853 0.001
0.381493 1.84888 0.001063
0.387454 1.845 0.001
0.393604 1.8415 0.0005
0.399952 1.838 0
0.406509 1.83413 6.2e-05
0.413284 1.83 0
0.420289 1.82556 0
0.427535 1.821 0
0.435036 1.81644 0
0.442804 1.812 0
0.450855 1.80787 0
0.459204 1.804 0
0.467869 1.80044 0
0.476866 1.797 0
0.486216 1.79325 0
0.495941 1.79 0
0.506062 1.78825 0
0.516605 1.787 0
0.527597 1.78537 0
0.539066 1.784 0
0.551045 1.78344 0
0.563569 1.783 0
0.576675 1.782 0
0.590406 1.781 0
0.604806 1.78056 0
0.619926 1.78 0
0.635821 1.77862 0
0.652554 1.777 0
0.67019 1.7755 0
0.688807 1.774 0
0.708487 1.7725 0
0.729325 1.771 0
0.751425 1.7695 0
0.774907 1.768 0
0.799904 1.7665 0
0.826568 1.765 0
0.85507 1.76344 0
0.885608 1.762 0
0.918409 1.76094 0
0.953732 1.76 0
0.991881 1.759 0
1.03321 1.758 0
1.07813 1.75694 0
1.12714 1.756 0
1.18081 1.75531 0
1.23985 1.755 0
