nk
0.206642 2.4797 
SOPRA N&K Database
221
0.206642 0.91 2.28
0.207507 1.17405 2.58462
0.208378 1.30331 2.73418
0.209258 1.34022 2.79142
0.210144 1.3296 2.8021
0.211039 1.33096 2.83326
0.21194 1.34014 2.86391
0.21285 1.34112 2.89432
0.213768 1.35202 2.92653
0.214693 1.36016 2.96752
0.215626 1.36132 3.01071
0.216568 1.37462 3.0601
0.217518 1.39317 3.10003
0.218476 1.40283 3.14356
0.219443 1.41258 3.19522
0.220418 1.4264 3.24582
0.221402 1.44359 3.30075
0.222395 1.45623 3.35858
0.223397 1.48166 3.41175
0.224408 1.50776 3.48234
0.225428 1.53552 3.56049
0.226457 1.58158 3.63588
0.227496 1.63745 3.71827
0.228544 1.70376 3.79939
0.229602 1.77987 3.88699
0.23067 1.87251 3.97472
0.231748 1.98033 4.05081
0.232836 2.10392 4.11709
0.233934 2.25087 4.16674
0.235043 2.39818 4.19494
0.236162 2.54795 4.20164
0.237292 2.69544 4.19497
0.238433 2.83092 4.17004
0.239585 2.96387 4.13847
0.240748 3.08856 4.1095
0.241922 3.21961 4.05654
0.243108 3.33731 3.97806
0.244306 3.44173 3.8961
0.245515 3.5271 3.80591
0.246737 3.6 3.71329
0.24797 3.66275 3.62986
0.249216 3.71505 3.55774
0.250475 3.75642 3.47657
0.251747 3.80703 3.41349
0.253031 3.83857 3.36209
0.254329 3.88884 3.31115
0.25564 3.94003 3.24997
0.256964 4.01125 3.17834
0.258302 4.06233 3.0962
0.259655 4.11235 3.00422
0.261021 4.1429 2.91155
0.262402 4.17188 2.80895
0.263798 4.18057 2.70788
0.265209 4.17912 2.61603
0.266635 4.16724 2.52535
0.268076 4.14491 2.44582
0.269533 4.11145 2.37406
0.271006 4.07228 2.30658
0.272495 4.04217 2.259
0.274 4.01152 2.21826
0.275523 3.98086 2.1798
0.277062 3.9502 2.15334
0.278618 3.91904 2.12916
0.280193 3.89197 2.10557
0.281785 3.87217 2.0917
0.283395 3.85174 2.07929
0.285023 3.8313 2.07629
0.286671 3.81086 2.06483
0.288338 3.7892 2.05937
0.290024 3.77938 2.06
0.29173 3.77539 2.06
0.293456 3.76456 2.06
0.295203 3.7537 2.05936
0.29697 3.74943 2.0653
0.298759 3.75 2.07609
0.30057 3.75 2.08567
0.302403 3.74938 2.10317
0.304258 3.75626 2.11662
0.306136 3.76696 2.13346
0.308038 3.77718 2.15435
0.309963 3.78684 2.17479
0.311912 3.80432 2.19469
0.313887 3.83365 2.22264
0.315886 3.85546 2.26187
0.317911 3.89249 2.30261
0.319962 3.93314 2.35177
0.322039 3.99107 2.41164
0.324144 4.06946 2.48194
0.326277 4.19701 2.56343
0.328438 4.36735 2.6269
0.330627 4.59916 2.66
0.332846 4.87412 2.6121
0.335095 5.1501 2.44991
0.337375 5.36336 2.19366
0.339685 5.46165 1.88712
0.342028 5.45871 1.60344
0.344403 5.4134 1.37179
0.346812 5.32018 1.18187
0.349254 5.22823 1.03282
0.351731 5.13603 0.91346
0.354243 5.04532 0.815161
0.356792 4.96579 0.73305
0.359377 4.89475 0.659609
0.362001 4.82324 0.618561
0.364662 4.75131 0.566128
0.367364 4.68199 0.52034
0.370105 4.62416 0.490854
0.372888 4.57367 0.460204
0.375713 4.52259 0.429045
0.378581 4.47097 0.402499
0.381493 4.42368 0.377776
0.38445 4.38346 0.355153
0.387454 4.34259 0.341937
0.390505 4.30112 0.32026
0.393604 4.26562 0.305195
0.396753 4.22997 0.289987
0.399952 4.19372 0.274796
0.403204 4.16368 0.259085
0.406509 4.13303 0.243757
0.409868 4.10173 0.234125
0.413284 4.07726 0.223907
0.416757 4.05801 0.21369
0.420289 4.02968 0.203474
0.423881 4.0129 0.193257
0.427535 3.99654 0.18244
0.431253 3.97564 0.181306
0.435036 3.95465 0.157906
0.438886 3.94308 0.142703
0.442804 3.91619 0.116189
0.446793 3.90227 0.104629
0.450855 3.87532 0.031462
0.454991 3.85358 0.034103
0.459204 3.81562 0.06906
0.463496 3.77433 0.016275
0.467869 3.73244 0.009144
0.472325 3.73035 0.01
0.476866 3.69187 0.010134
0.481496 3.66053 0.000179
0.486216 3.63999 0
0.49103 3.6297 0
0.495941 3.60844 0
0.50095 3.56739 0
0.506062 3.54029 0
0.511279 3.54855 0
0.516605 3.52726 0
0.522043 3.5276 0
0.527597 3.54558 0
0.53327 3.45738 0
0.539066 3.46883 0
0.54499 3.4576 0
0.551045 3.44779 0
0.557237 3.43448 0
0.563569 3.41589 0
0.570047 3.41133 0
0.576675 3.39703 0
0.58346 3.36387 0
0.590406 3.35991 0
0.597519 3.3565 0
0.604806 3.34564 0
0.612272 3.33543 0
0.619926 3.32459 0
0.627773 3.32063 0
0.635821 3.31015 0
0.644079 3.29332 0
0.652554 3.29069 0
0.661254 3.27811 0
0.67019 3.2689 0
0.679371 3.2719 0
0.688807 3.24944 0
0.698508 3.24542 0
0.708487 3.25106 0
0.718755 3.24325 0
0.729325 3.2326 0
0.74021 3.22185 0
0.751425 3.21966 0
0.762986 3.22047 0
0.774907 3.21289 0
0.787207 3.18384 0
0.799904 3.17901 0
0.813018 3.18935 0
0.826568 3.18115 0
0.840577 3.17065 0
0.85507 3.16029 0
0.870071 3.16003 0
0.885608 3.14999 0
0.90171 3.13974 0
0.918409 3.12986 0
0.935737 3.13011 0
0.953732 3.12923 0
0.972433 3.12005 0
0.991881 3.11852 0
1.01212 3.09418 0
1.03321 3.05477 0
1.05519 3.04054 0
1.07813 3.05236 0
1.10209 3.06139 0
1.12714 3.06672 0
1.15335 3.07405 0
1.18081 3.08093 0
1.20961 3.08541 0
1.23985 3.0848 0
1.27164 3.08229 0
1.30511 3.07833 0
1.34038 3.07336 0
1.37761 3.06785 0
1.41697 3.0622 0
1.45865 3.05717 0
1.50285 3.05406 0
1.54981 3.05213 0
1.59981 3.0509 0
1.65314 3.05053 0
1.71014 3.04928 0
1.77122 3.04597 0
1.83682 3.04203 0
1.90746 3.03966 0
1.98376 3.03815 0
2.06642 3.0376 0
2.15626 3.03529 0
2.25428 3.03147 0
2.36162 3.02996 0
2.4797 3.02864 0
