nk
0.234 0.84 
SOPRA N&K Database
304
0.234 2.629 4.1895
0.236 2.8067 4.1735
0.238 3.0026 4.1534
0.24 3.2099 4.1058
0.242 3.4352 4.024
0.244 3.5928 3.879
0.246 3.7292 3.7282
0.248 3.8155 3.5831
0.25 3.9087 3.4777
0.252 3.9777 3.3468
0.254 4.0382 3.2648
0.256 4.117 3.1611
0.258 4.1941 3.0625
0.26 4.2615 2.9145
0.262 4.3019 2.7764
0.264 4.3061 2.6335
0.266 4.2892 2.5047
0.268 4.2572 2.3832
0.27 4.2092 2.2902
0.272 4.1566 2.2212
0.274 4.1117 2.1539
0.276 4.0601 2.1135
0.278 4.0249 2.0823
0.28 3.9886 2.0588
0.282 3.9535 2.0402
0.284 3.9257 2.0294
0.286 3.898 2.0245
0.288 3.8783 2.0202
0.29 3.8618 2.0221
0.292 3.8552 2.0192
0.294 3.8416 2.0266
0.296 3.8357 2.0319
0.298 3.8331 2.0419
0.3 3.8343 2.0537
0.302 3.838 2.066
0.304 3.8444 2.0839
0.306 3.8522 2.1021
0.308 3.8648 2.1227
0.31 3.8862 2.1464
0.312 3.9071 2.17
0.314 3.9371 2.1991
0.316 3.9628 2.2388
0.318 4.001 2.2756
0.32 4.0545 2.3275
0.322 4.1223 2.383
0.324 4.2194 2.4381
0.326 4.3568 2.4959
0.328 4.5162 2.5281
0.33 4.7105 2.5224
0.332 4.924 2.4612
0.334 5.1374 2.3365
0.336 5.3093 2.1596
0.338 5.4341 1.9229
0.34 5.4825 1.6782
0.342 5.4721 1.446
0.344 5.4165 1.2565
0.346 5.3443 1.1032
0.348 5.2642 0.9772
0.35 5.1857 0.8743
0.352 5.1071 0.7936
0.354 5.036 0.7257
0.356 4.9698 0.6683
0.358 4.9058 0.6151
0.36 4.8534 0.5763
0.362 4.7987 0.5387
0.364 4.7487 0.5033
0.366 4.702 0.4741
0.368 4.6572 0.4477
0.37 4.6153 0.4262
0.372 4.577 0.4044
0.374 4.5399 0.3847
0.376 4.5036 0.3658
0.378 4.4736 0.3513
0.38 4.4391 0.3364
0.382 4.4046 0.3203
0.384 4.3764 0.3091
0.386 4.3511 0.2973
0.388 4.3243 0.2867
0.39 4.3014 0.2752
0.392 4.2764 0.2656
0.394 4.257 0.2565
0.396 4.2337 0.2477
0.398 4.2144 0.2394
0.4 4.1938 0.2314
0.402 4.1745 0.2236
0.404 4.1553 0.2159
0.406 4.1379 0.2088
0.408 4.1222 0.2019
0.41 4.1059 0.1971
0.412 4.0905 0.191
0.414 4.0772 0.1844
0.416 4.0629 0.1785
0.418 4.0486 0.1727
0.42 4.0364 0.1669
0.422 4.025 0.1631
0.424 4.0128 0.1567
0.426 3.9947 0.1497
0.428 3.9871 0.1438
0.43 3.9803 0.136
0.432 3.9693 0.1294
0.434 3.9613 0.1226
0.436 3.9526 0.1155
0.438 3.9451 0.1073
0.44 3.9378 0.0965
0.442 3.9287 0.0853
0.444 3.9174 0.0734
0.446 3.9039 0.062
0.448 3.8897 0.0529
0.45 3.8748 0.0446
0.452 3.86171 0.034169
0.454 3.84688 0.025734
0.456 3.83091 0.019086
0.458 3.81438 0.014011
0.46 3.7979 0.0103
0.462 3.7825 0.007842
0.464 3.76783 0.006209
0.466 3.75404 0.004944
0.468 3.74116 0.003852
0.47 3.7291 0.003
0.472 3.718 0.00229
0.474 3.7075 0.001731
0.476 3.69742 0.001306
0.478 3.6875 0.000981
0.48 3.6774 0.0007
0.482 3.66598 0.000341
0.484 3.6547 2.6e-05
0.486 3.64461 -0.000144
0.488 3.63591 -0.00018
0.49 3.6279 -0.0002
0.492 3.62026 -0.00033
0.494 3.61287 -0.000501
0.496 3.60536 -0.000726
0.498 3.59771 -0.000981
0.5 3.5902 -0.0012
0.502 3.58309 -0.001244
0.504 3.57624 -0.001272
0.506 3.56965 -0.001425
0.508 3.56327 -0.00169
0.51 3.557 -0.0019
0.512 3.55061 -0.001826
0.514 3.54435 -0.001679
0.516 3.5384 -0.001554
0.518 3.53276 -0.001497
0.52 3.5273 -0.0015
0.522 3.52186 -0.001611
0.524 3.51658 -0.00179
0.526 3.51168 -0.002064
0.528 3.50701 -0.00238
0.53 3.502 -0.0026
0.532 3.49537 -0.002443
0.534 3.48872 -0.00221
0.536 3.48335 -0.002104
0.538 3.47934 -0.002152
0.54 3.4755 -0.0022
0.542 3.47057 -0.002083
0.544 3.4655 -0.001954
0.546 3.46073 -0.001901
0.548 3.45632 -0.001938
0.55 3.452 -0.002
0.552 3.44752 -0.002012
0.554 3.44313 -0.002056
0.556 3.43899 -0.002241
0.558 3.43512 -0.002522
0.56 3.4314 -0.0027
0.562 3.42794 -0.002414
0.564 3.42433 -0.002057
0.566 3.41997 -0.001908
0.568 3.41499 -0.001996
0.57 3.4103 -0.0021
0.572 3.40733 -0.002006
0.574 3.40462 -0.001871
0.576 3.40122 -0.001736
0.578 3.397 -0.001636
0.58 3.3927 -0.0016
0.582 3.38895 -0.001766
0.584 3.38536 -0.001939
0.586 3.38178 -0.001933
0.588 3.37824 -0.001754
0.59 3.3749 -0.0016
0.592 3.37205 -0.001748
0.594 3.36939 -0.001928
0.596 3.36676 -0.00198
0.598 3.36408 -0.001872
0.6 3.3614 -0.0017
0.602 3.35871 -0.001446
0.604 3.35598 -0.001249
0.606 3.35315 -0.001321
0.608 3.35025 -0.00163
0.61 3.3474 -0.0019
0.612 3.34483 -0.001726
0.614 3.34234 -0.001495
0.616 3.33979 -0.001443
0.618 3.33717 -0.001602
0.62 3.3346 -0.0018
0.622 3.33245 -0.001932
0.624 3.33012 -0.002
0.626 3.32686 -0.00193
0.628 3.32281 -0.001733
0.63 3.3191 -0.0015
0.632 3.31731 -0.0013
0.634 3.31601 -0.001148
0.636 3.31449 -0.001098
0.638 3.31254 -0.001161
0.64 3.3104 -0.0013
0.642 3.30799 -0.001593
0.644 3.30557 -0.001834
0.646 3.30342 -0.001772
0.648 3.30157 -0.001428
0.65 3.2998 -0.0011
0.652 3.29794 -0.001189
0.654 3.29606 -0.001338
0.656 3.29415 -0.001331
0.658 3.29218 -0.001154
0.66 3.2901 -0.001
0.662 3.28766 -0.001042
0.664 3.28524 -0.001189
0.666 3.28318 -0.001509
0.668 3.28151 -0.001922
0.67 3.28 -0.0022
0.672 3.27845 -0.001944
0.674 3.27694 -0.001528
0.676 3.27545 -0.001106
0.678 3.27398 -0.000779
0.68 3.2726 -0.0006
0.682 3.27161 -0.00083
0.684 3.27044 -0.001149
0.686 3.26844 -0.00133
0.688 3.26568 -0.001333
0.69 3.263 -0.0013
0.692 3.26138 -0.00139
0.694 3.26014 -0.001425
0.696 3.25907 -0.001207
0.698 3.25805 -0.000794
0.7 3.257 -0.0005
0.702 3.25574 -0.00089
0.704 3.2543 -0.001335
0.706 3.25247 -0.001351
0.708 3.25039 -0.000922
0.71 3.2485 -0.0005
0.712 3.2478 -0.000654
0.714 3.2471 -0.000847
0.716 3.24537 -0.000694
0.718 3.24266 -0.000209
0.72 3.2401 0.0002
0.722 3.23921 -4.9e-05
0.724 3.23857 -0.000374
0.726 3.23732 -0.000364
0.728 3.23536 -8e-06
0.73 3.2334 0.0003
0.732 3.23212 8.2e-05
0.734 3.23102 -0.000241
0.736 3.22991 -0.000478
0.738 3.22871 -0.000551
0.74 3.2275 -0.0005
0.742 3.22621 -0.000131
0.744 3.22498 0.000202
0.746 3.22394 0.000101
0.748 3.2231 -0.000394
0.75 3.2223 -0.0008
0.752 3.22143 -0.00045
0.754 3.2205 5.3e-05
0.756 3.21946 0.000406
0.758 3.21829 0.000515
0.76 3.217 0.0005
0.762 3.21551 0.0003
0.764 3.21397 8.4e-05
0.766 3.21249 2.8e-05
0.768 3.21112 0.000148
0.77 3.2098 0.0003
0.772 3.20849 0.000353
0.774 3.20726 0.000386
0.776 3.20627 0.00043
0.778 3.20546 0.000479
0.78 3.2046 0.0005
0.782 3.20317 0.000406
0.784 3.20183 0.000321
0.786 3.20126 0.000415
0.788 3.20137 0.000634
0.79 3.2014 0.0007
0.792 3.20033 7e-05
0.794 3.19904 -0.000617
0.796 3.19801 -0.000872
0.798 3.1973 -0.00066
0.8 3.1966 -0.0004
0.802 3.19568 -0.000592
0.804 3.19466 -0.000768
0.806 3.19342 -0.00055
0.808 3.19208 3e-06
0.81 3.1909 0.0004
0.812 3.1904 -0.000195
0.814 3.19007 -0.000858
0.816 3.1897 -0.00088
0.818 3.1891 -0.00024
0.82 3.1881 0.0004
0.822 3.18599 0.000182
0.824 3.18369 -6.1e-05
0.826 3.18175 0.000214
0.828 3.18044 0.001053
0.83 3.1798 0.002
0.832 3.18023 0.002582
0.834 3.18134 0.003171
0.836 3.18298 0.003869
0.838 3.18501 0.004778
0.84 3.1873 0.006
