nk
0.206642 0.991881 
SOPRA N&K Database
96
0.206642 0.935 2.416
0.208378 0.962625 2.43
0.210144 0.985 2.444
0.21194 1.00412 2.45975
0.213768 1.022 2.479
0.215626 1.04025 2.505
0.217518 1.062 2.535
0.219443 1.09169 2.56931
0.221402 1.127 2.602
0.223397 1.16813 2.62719
0.225428 1.212 2.645
0.227496 1.25794 2.65263
0.229602 1.299 2.653
0.231748 1.32675 2.64556
0.233934 1.345 2.638
0.236162 1.35325 2.63806
0.238433 1.356 2.645
0.240748 1.357 2.66131
0.243108 1.358 2.685
0.245515 1.3625 2.71563
0.24797 1.369 2.751
0.250475 1.37738 2.78794
0.253031 1.387 2.829
0.25564 1.39637 2.87544
0.258302 1.408 2.928
0.261021 1.42362 2.98813
0.263798 1.444 3.055
0.266635 1.47056 3.12794
0.269533 1.503 3.208
0.272495 1.53963 3.29481
0.275523 1.586 3.392
0.278618 1.64306 3.50306
0.281785 1.723 3.628
0.285023 1.83125 3.77731
0.288338 1.989 3.923
0.29173 2.236 4.05456
0.295203 2.522 4.13
0.298759 2.82244 4.08675
0.302403 3.1 3.976
0.306136 3.3005 3.81988
0.309963 3.45 3.643
0.313887 3.55181 3.47806
0.317911 3.62 3.323
0.322039 3.66819 3.18894
0.326277 3.701 3.069
0.330627 3.72794 2.96037
0.335095 3.748 2.862
0.339685 3.76325 2.77212
0.344403 3.774 2.69
0.349254 3.78056 2.61394
0.354243 3.785 2.545
0.359377 3.78931 2.48537
0.364662 3.794 2.43
0.370105 3.80206 2.37412
0.375713 3.808 2.319
0.381493 3.807 2.26231
0.387454 3.8 2.21
0.393604 3.78463 2.16675
0.399952 3.766 2.134
0.406509 3.74713 2.116
0.413284 3.732 2.109
0.420289 3.72587 2.11119
0.427535 3.728 2.121
0.435036 3.739 2.13638
0.442804 3.76 2.157
0.450855 3.79075 2.18194
0.459204 3.836 2.211
0.467869 3.89425 2.24856
0.476866 3.984 2.28
0.486216 4.14469 2.307
0.495941 4.312 2.285
0.506062 4.43431 2.13463
0.516605 4.513 1.962
0.527597 4.51325 1.85794
0.539066 4.492 1.789
0.551045 4.49369 1.75369
0.563569 4.521 1.747
0.576675 4.58077 1.79894
0.590406 4.705 1.803
0.604806 5.02664 1.77502
0.619926 5.2496 1.378
0.635821 5.21239 1.06245
0.652554 5.0435 0.829
0.67019 4.93179 0.693563
0.688807 4.8247 0.611
0.708487 4.7348 0.538688
0.729325 4.6556 0.485
0.751425 4.58796 0.447125
0.774907 4.5224 0.416
0.799904 4.4466 0.379006
0.826568 4.37 0.344
0.85507 4.29661 0.313723
0.885608 4.23042 0.290912
0.918409 4.17545 0.278307
0.953732 4.13569 0.278648
0.991881 4.11515 0.294672
