nk
0.206642 2.4797 
SOPRA N&K Database
111
0.206642 1.023 2.774
0.208378 1.0625 2.80225
0.210144 1.108 2.831
0.21194 1.1575 2.856
0.213768 1.209 2.873
0.215626 1.26269 2.87337
0.217518 1.31 2.866
0.219443 1.34006 2.85581
0.221402 1.36 2.846
0.223397 1.37294 2.842
0.225428 1.38 2.842
0.227496 1.3835 2.84506
0.229602 1.383 2.854
0.231748 1.37763 2.8715
0.233934 1.371 2.897
0.236162 1.36637 2.93144
0.238433 1.364 2.973
0.240748 1.36506 3.02
0.243108 1.37 3.073
0.245515 1.37981 3.13219
0.24797 1.394 3.197
0.250475 1.41206 3.26681
0.253031 1.435 3.342
0.25564 1.46356 3.42206
0.258302 1.498 3.509
0.261021 1.53756 3.60375
0.263798 1.586 3.709
0.266635 1.64394 3.82594
0.269533 1.72 3.96
0.272495 1.80969 4.12094
0.275523 1.953 4.297
0.278618 2.19769 4.51419
0.281785 2.516 4.669
0.285023 2.93675 4.64238
0.288338 3.338 4.507
0.29173 3.58513 4.27256
0.295203 3.745 4.009
0.298759 3.83019 3.79775
0.302403 3.869 3.614
0.306136 3.89381 3.46275
0.309963 3.905 3.336
0.313887 3.91375 3.22856
0.317911 3.92 3.137
0.322039 3.92756 3.05675
0.326277 3.936 2.986
0.330627 3.94631 2.92156
0.335095 3.958 2.863
0.339685 3.97069 2.80906
0.344403 3.985 2.759
0.349254 4.00106 2.712
0.354243 4.02 2.667
0.359377 4.04356 2.62412
0.364662 4.07 2.579
0.370105 4.10031 2.52656
0.375713 4.128 2.469
0.381493 4.14712 2.40544
0.387454 4.157 2.34
0.393604 4.1545 2.27381
0.399952 4.141 2.215
0.406509 4.11331 2.1725
0.413284 4.082 2.145
0.420289 4.05594 2.13556
0.427535 4.037 2.14
0.435036 4.03025 2.1565
0.442804 4.035 2.181
0.450855 4.05225 2.20875
0.459204 4.082 2.24
0.467869 4.12394 2.2735
0.476866 4.18 2.309
0.486216 4.24925 2.34638
0.495941 4.34 2.384
0.506062 4.45675 2.43275
0.516605 4.61 2.455
0.527597 4.83906 2.40775
0.539066 5.062 2.318
0.551045 5.17169 2.20087
0.563569 5.283 2.049
0.576675 5.53931 1.8685
0.590406 5.748 1.634
0.604806 5.71544 1.276
0.619926 5.588 0.933
0.635821 5.44519 0.750313
0.652554 5.294 0.638
0.67019 5.17275 0.55675
0.688807 5.067 0.5
0.708487 4.97619 0.445375
0.729325 4.897 0.401
0.751425 4.82625 0.36975
0.774907 4.763 0.345
0.799904 4.70544 0.32475
0.826568 4.653 0.298
0.85507 4.60369 0.2425
0.885608 4.56 0.19
0.918409 4.52637 0.1745
0.953732 4.495 0.167
0.991881 4.45563 0.144813
1.03321 4.42 0.123
1.07813 4.40156 0.111631
1.12714 4.385 0.103
1.18081 4.35531 0.0911
1.23985 4.325 0.0809
1.30511 4.30187 0.080621
1.37761 4.285 0.0745
1.45865 4.28344 0.040022
1.54981 4.275 0.00567
1.65314 4.23163 0.001309
1.77122 4.18 0.00028
1.90746 4.13312 0.003147
2.06642 4.104 0
2.25428 4.086 0
2.4797 4.074 0
