nk
0.234 0.84 
SOPRA N&K Database
304
0.234 1.4439 3.0094
0.236 1.4745 3.0365
0.238 1.4214 3.0466
0.24 1.4135 3.0846
0.242 1.4311 3.1436
0.244 1.4413 3.1806
0.246 1.4565 3.2316
0.248 1.4725 3.2861
0.25 1.488 3.3434
0.252 1.5069 3.3944
0.254 1.5292 3.4555
0.256 1.5517 3.5208
0.258 1.5758 3.5836
0.26 1.6083 3.6603
0.262 1.6471 3.7289
0.264 1.6836 3.8062
0.266 1.7239 3.8845
0.268 1.7826 3.9765
0.27 1.8416 4.0685
0.272 1.9017 4.1721
0.274 1.9987 4.2924
0.276 2.1073 4.4122
0.278 2.2629 4.5452
0.28 2.4683 4.6646
0.282 2.7195 4.731
0.284 2.996 4.7306
0.286 3.2476 4.6562
0.288 3.4605 4.5297
0.29 3.6244 4.3853
0.292 3.7564 4.2339
0.294 3.8306 4.0871
0.296 3.891 3.9535
0.298 3.9256 3.8356
0.3 3.9565 3.7249
0.302 3.9728 3.627
0.304 3.9864 3.5408
0.306 3.9894 3.4657
0.308 3.9929 3.3984
0.31 4.0015 3.3329
0.312 4.0096 3.273
0.314 4.0159 3.2218
0.316 4.0085 3.1796
0.318 4.0163 3.1352
0.32 4.0193 3.0978
0.322 4.0243 3.0619
0.324 4.031 3.0247
0.326 4.0312 2.9926
0.328 4.0351 2.9603
0.33 4.0379 2.9323
0.332 4.0464 2.9043
0.334 4.0566 2.8758
0.336 4.0557 2.8527
0.338 4.0636 2.8276
0.34 4.0665 2.8022
0.342 4.0765 2.779
0.344 4.0819 2.7578
0.346 4.0819 2.7396
0.348 4.0907 2.7195
0.35 4.1006 2.697
0.352 4.1065 2.6787
0.354 4.1117 2.6629
0.356 4.1178 2.6453
0.358 4.1275 2.6269
0.36 4.1371 2.6095
0.362 4.1467 2.5915
0.364 4.1608 2.5696
0.366 4.1717 2.5526
0.368 4.1843 2.5325
0.37 4.1896 2.5142
0.372 4.2013 2.4944
0.374 4.2108 2.4715
0.376 4.2227 2.4462
0.378 4.23 2.423
0.38 4.2318 2.4005
0.382 4.2383 2.3754
0.384 4.2381 2.3551
0.386 4.2418 2.332
0.388 4.2446 2.3086
0.39 4.2467 2.2851
0.392 4.2454 2.2632
0.394 4.2385 2.2386
0.396 4.2335 2.2184
0.398 4.2308 2.1954
0.4 4.2228 2.1806
0.402 4.2153 2.1653
0.404 4.2033 2.1515
0.406 4.1931 2.1396
0.408 4.1808 2.1295
0.41 4.1695 2.1223
0.412 4.1596 2.1162
0.414 4.1554 2.1081
0.416 4.1457 2.1058
0.418 4.1384 2.1015
0.42 4.1304 2.1018
0.422 4.1253 2.102
0.424 4.1197 2.1035
0.426 4.1012 2.1108
0.428 4.0974 2.1128
0.43 4.0989 2.1156
0.432 4.0966 2.1219
0.434 4.0951 2.1272
0.436 4.0971 2.1317
0.438 4.0996 2.1365
0.44 4.1019 2.1434
0.442 4.1036 2.1498
0.444 4.1063 2.1574
0.446 4.1114 2.1628
0.448 4.1144 2.1706
0.45 4.1211 2.1767
0.452 4.12764 2.18418
0.454 4.13457 2.19165
0.456 4.14194 2.19916
0.458 4.14981 2.20673
0.46 4.1582 2.2144
0.462 4.16725 2.22215
0.464 4.17683 2.23011
0.466 4.18674 2.23864
0.468 4.19707 2.24754
0.47 4.2082 2.2561
0.472 4.22093 2.26317
0.474 4.23425 2.26982
0.476 4.24712 2.27659
0.478 4.2597 2.28365
0.48 4.2734 2.2908
0.482 4.2905 2.29781
0.484 4.30858 2.30514
0.486 4.32599 2.31347
0.488 4.34253 2.32259
0.49 4.3595 2.3314
0.492 4.37795 2.33824
0.494 4.3973 2.34462
0.496 4.41741 2.35146
0.498 4.43834 2.35885
0.5 4.4603 2.3661
0.502 4.48337 2.37265
0.504 4.50785 2.37879
0.506 4.53437 2.38442
0.508 4.56279 2.38967
0.51 4.5922 2.3948
0.512 4.62094 2.40065
0.514 4.65091 2.40604
0.516 4.68337 2.41043
0.518 4.7186 2.41328
0.52 4.7559 2.4141
0.522 4.7956 2.41192
0.524 4.83636 2.40721
0.526 4.87682 2.40066
0.528 4.91675 2.39159
0.53 4.9571 2.3779
0.532 5.00064 2.35542
0.534 5.04262 2.32875
0.536 5.07928 2.30037
0.538 5.10969 2.27141
0.54 5.1358 2.2416
0.542 5.15775 2.2107
0.544 5.17684 2.18054
0.546 5.19437 2.15308
0.548 5.2109 2.1287
0.55 5.2262 2.1062
0.552 5.23988 2.08455
0.554 5.25332 2.06467
0.556 5.26764 2.04731
0.558 5.28336 2.03234
0.56 5.3003 2.0188
0.562 5.31807 2.00553
0.564 5.33809 1.99329
0.566 5.36134 1.98306
0.568 5.38852 1.97415
0.57 5.42 1.9642
0.572 5.45774 1.95215
0.574 5.49921 1.93545
0.576 5.54365 1.91081
0.578 5.58962 1.87735
0.58 5.635 1.8366
0.582 5.67772 1.78819
0.584 5.71663 1.73395
0.586 5.74987 1.67479
0.588 5.7764 1.61207
0.59 5.796 1.5476
0.592 5.80672 1.48367
0.594 5.81074 1.42032
0.596 5.80868 1.35822
0.598 5.80165 1.29824
0.6 5.7912 1.2414
0.602 5.78002 1.19015
0.604 5.76651 1.14224
0.606 5.74979 1.09631
0.608 5.73027 1.0522
0.61 5.7096 1.011
0.612 5.68978 0.973908
0.614 5.66978 0.939777
0.616 5.64962 0.908093
0.618 5.62915 0.878578
0.62 5.6081 0.8512
0.622 5.58589 0.826176
0.624 5.56312 0.80256
0.626 5.53969 0.779178
0.628 5.51617 0.756051
0.63 5.4938 0.7344
0.632 5.47506 0.715892
0.634 5.45751 0.698904
0.636 5.43971 0.682617
0.638 5.42136 0.666697
0.64 5.4032 0.6513
0.642 5.38576 0.635976
0.644 5.36861 0.621404
0.646 5.35148 0.608313
0.648 5.33439 0.596615
0.65 5.3176 0.5854
0.652 5.30114 0.573435
0.654 5.28536 0.561794
0.656 5.27112 0.551157
0.658 5.25806 0.541522
0.66 5.2446 0.5322
0.662 5.22775 0.52218
0.664 5.21085 0.512544
0.666 5.19638 0.504198
0.668 5.18452 0.497067
0.67 5.1732 0.4901
0.672 5.16022 0.481843
0.674 5.1473 0.473639
0.676 5.13529 0.466297
0.678 5.12426 0.459918
0.68 5.1135 0.4539
0.682 5.10224 0.447815
0.684 5.09108 0.441798
0.686 5.08035 0.43569
0.688 5.07008 0.429561
0.69 5.06 0.4237
0.692 5.05001 0.418719
0.694 5.03997 0.413871
0.696 5.02957 0.408502
0.698 5.01889 0.402641
0.7 5.0084 0.397
0.702 4.99862 0.392466
0.704 4.98935 0.388307
0.706 4.98071 0.384164
0.708 4.97261 0.37996
0.71 4.9647 0.3759
0.712 4.95608 0.372266
0.714 4.94798 0.368655
0.716 4.94176 0.364644
0.718 4.93718 0.360284
0.72 4.9324 0.3561
0.722 4.92495 0.352711
0.724 4.91683 0.349695
0.726 4.90894 0.347099
0.728 4.90153 0.344699
0.73 4.8942 0.342
0.732 4.88688 0.337929
0.734 4.87947 0.333662
0.736 4.87148 0.32994
0.738 4.8632 0.326944
0.74 4.8557 0.3243
0.742 4.8512 0.321974
0.744 4.84707 0.319737
0.746 4.84125 0.317324
0.748 4.83363 0.314668
0.75 4.826 0.3119
0.752 4.82035 0.309013
0.754 4.81506 0.306122
0.756 4.8093 0.303315
0.758 4.80295 0.300658
0.76 4.7966 0.2982
0.762 4.79069 0.296076
0.764 4.78498 0.294176
0.766 4.77942 0.292583
0.768 4.77403 0.29115
0.77 4.7689 0.2895
0.772 4.76459 0.286989
0.774 4.76009 0.28417
0.776 4.75406 0.281202
0.778 4.7468 0.278271
0.78 4.7402 0.2756
0.782 4.73743 0.273802
0.784 4.73511 0.272205
0.786 4.73073 0.270288
0.788 4.72418 0.268048
0.79 4.7177 0.266
0.792 4.71375 0.264865
0.794 4.7104 0.263902
0.796 4.70679 0.262764
0.798 4.70273 0.261248
0.8 4.6988 0.2593
0.802 4.69567 0.255885
0.804 4.6925 0.252818
0.806 4.6886 0.251963
0.808 4.68397 0.253274
0.81 4.6793 0.2548
0.812 4.67567 0.254752
0.814 4.67189 0.253824
0.816 4.66681 0.251667
0.818 4.66064 0.248438
0.82 4.655 0.2448
0.822 4.65206 0.24101
0.824 4.65003 0.237803
0.826 4.64852 0.236279
0.828 4.64687 0.236502
0.83 4.6442 0.2375
0.832 4.63767 0.238868
0.834 4.63099 0.240044
0.836 4.62578 0.240516
0.838 4.62368 0.239772
0.84 4.6263 0.2373
