nk
0.25 0.9 
SOPRA N&K Database
53
0.25 2.1222 0
0.2625 2.10482 0
0.275 2.0887 0
0.2875 2.07377 0
0.3 2.06 0
0.3125 2.04734 0
0.325 2.0357 0
0.3375 2.02496 0
0.35 2.0151 0
0.3625 2.00609 0
0.375 1.9978 0
0.3875 1.9901 0
0.4 1.983 0
0.4125 1.9765 0
0.425 1.9705 0
0.4375 1.9649 0
0.45 1.9597 0
0.4625 1.95488 0
0.475 1.9504 0
0.4875 1.94621 0
0.5 1.9423 0
0.5125 1.93868 0
0.525 1.9353 0
0.5375 1.9321 0
0.55 1.9291 0
0.5625 1.92631 0
0.575 1.9237 0
0.5875 1.92123 0
0.6 1.9189 0
0.6125 1.91669 0
0.625 1.9146 0
0.6375 1.91265 0
0.65 1.9108 0
0.6625 1.909 0
0.675 1.9073 0
0.6875 1.90576 0
0.7 1.9043 0
0.7125 1.90287 0
0.725 1.9015 0
0.7375 1.90022 0
0.75 1.899 0
0.7625 1.89783 0
0.775 1.8967 0
0.7875 1.89562 0
0.8 1.8946 0
0.8125 1.89363 0
0.825 1.8927 0
0.8375 1.89177 0
0.85 1.8909 0
0.8625 1.89013 0
0.875 1.8894 0
0.8875 1.88867 0
0.9 1.8879 0
