nk
0.130511 24.797 
SOPRA N&K Database
190
0.130511 0.448 1.248
0.131201 0.461562 1.25594
0.131899 0.478 1.262
0.132604 0.493687 1.26781
0.133317 0.505 1.275
0.134038 0.504375 1.28725
0.134767 0.5 1.3
0.135503 0.497 1.30713
0.136247 0.497 1.317
0.137 0.50575 1.34025
0.137761 0.516 1.364
0.138531 0.521188 1.37625
0.139309 0.525 1.385
0.140096 0.529437 1.39206
0.140892 0.533 1.404
0.141697 0.533 1.43444
0.142512 0.535 1.464
0.143335 0.545438 1.47287
0.144169 0.559 1.476
0.145012 0.573375 1.4815
0.145865 0.586 1.49
0.146728 0.591063 1.50675
0.147601 0.596 1.526
0.148485 0.609062 1.54438
0.14938 0.622 1.56
0.150285 0.627313 1.56787
0.151201 0.631 1.574
0.152129 0.637 1.583
0.153068 0.644 1.594
0.154019 0.652563 1.60919
0.154981 0.661 1.624
0.155956 0.667438 1.6335
0.156943 0.673 1.641
0.157943 0.677688 1.64731
0.158955 0.683 1.655
0.159981 0.691188 1.66756
0.16102 0.7 1.683
0.162072 0.7065 1.70069
0.163138 0.715 1.72
0.164219 0.730687 1.74113
0.165314 0.748 1.761
0.166423 0.763063 1.77531
0.167548 0.776 1.788
0.168687 0.784 1.80181
0.169843 0.792 1.816
0.171014 0.805063 1.83119
0.172202 0.82 1.846
0.173406 0.835687 1.85862
0.174627 0.851 1.871
0.175866 0.864 1.88525
0.177122 0.876 1.899
0.178396 0.88775 1.91013
0.179689 0.899 1.92
0.181 0.910063 1.928
0.182331 0.92 1.938
0.183682 0.92625 1.95637
0.185053 0.934 1.975
0.186444 0.949687 1.98556
0.187856 0.967 1.995
0.18929 0.980938 2.00931
0.190746 0.994 2.023
0.192225 1.00687 2.03056
0.193727 1.02 2.038
0.195252 1.03438 2.05088
0.196802 1.049 2.065
0.198376 1.06356 2.07781
0.199976 1.077 2.09
0.201602 1.08662 2.10025
0.203254 1.097 2.112
0.204934 1.11294 2.12975
0.206642 1.131 2.149
0.208378 1.14956 2.16719
0.210144 1.168 2.183
0.21194 1.18531 2.1915
0.213768 1.201 2.201
0.215626 1.21313 2.22125
0.217518 1.225 2.243
0.219443 1.2395 2.25819
0.221402 1.256 2.273
0.223397 1.2755 2.29338
0.225428 1.296 2.312
0.227496 1.31494 2.32063
0.229602 1.335 2.328
0.231748 1.35975 2.34119
0.233934 1.384 2.357
0.236162 1.40331 2.37594
0.238433 1.419 2.394
0.240748 1.4295 2.40612
0.243108 1.439 2.416
0.245515 1.45181 2.42356
0.24797 1.466 2.435
0.250475 1.48075 2.45838
0.253031 1.497 2.488
0.25564 1.51475 2.52113
0.258302 1.536 2.557
0.261021 1.56412 2.59437
0.263798 1.595 2.632
0.266635 1.62437 2.66913
0.269533 1.656 2.703
0.272495 1.69156 2.7275
0.275523 1.733 2.752
0.278618 1.78212 2.787
0.281785 1.841 2.823
0.285023 1.91569 2.85581
0.288338 1.996 2.88
0.29173 2.07437 2.88612
0.295203 2.149 2.882
0.298759 2.21625 2.87131
0.302403 2.274 2.857
0.306136 2.31481 2.84287
0.309963 2.351 2.83
0.313887 2.39481 2.82144
0.317911 2.439 2.815
0.322039 2.47962 2.80894
0.326277 2.519 2.805
0.330627 2.55762 2.80481
0.335095 2.597 2.807
0.339685 2.637 2.81169
0.344403 2.683 2.816
0.349254 2.74194 2.81481
0.354243 2.809 2.815
0.359377 2.881 2.82963
0.364662 2.96 2.835
0.370105 3.05187 2.80788
0.375713 3.142 2.76
0.381493 3.21794 2.69062
0.387454 3.279 2.614
0.393604 3.31694 2.54656
0.399952 3.342 2.481
0.406509 3.36262 2.41344
0.413284 3.376 2.35
0.420289 3.38037 2.29787
0.427535 3.381 2.25
0.435036 3.38444 2.20131
0.442804 3.385 2.153
0.450855 3.38006 2.10281
0.459204 3.367 2.056
0.467869 3.33925 2.01394
0.476866 3.306 1.986
0.486216 3.27169 1.986
0.495941 3.244 2.002
0.506062 3.23513 2.03256
0.516605 3.236 2.06
0.527597 3.24356 2.05781
0.539066 3.252 2.051
0.551045 3.25263 2.05819
0.563569 3.251 2.072
0.576675 3.24906 2.09194
0.590406 3.249 2.116
0.604806 3.2535 2.14056
0.619926 3.263 2.17
0.635821 3.2775 2.21056
0.652554 3.301 2.253
0.67019 3.33962 2.28806
0.688807 3.387 2.322
0.708487 3.4385 2.36019
0.729325 3.495 2.396
0.751425 3.55525 2.42331
0.774907 3.621 2.446
0.799904 3.69425 2.4685
0.826568 3.773 2.483
0.85507 3.85862 2.48113
0.885608 3.943 2.469
0.918409 4.01687 2.44906
0.953732 4.085 2.424
0.991881 4.15075 2.3985
1.03321 4.209 2.369
1.07813 4.25131 2.33669
1.12714 4.291 2.292
1.18081 4.35694 2.22006
1.23985 4.394 2.138
1.30511 4.33844 2.04588
1.37761 4.245 1.98
1.45865 4.14969 1.98325
1.54981 4.045 2.036
1.65314 3.93206 2.12862
1.77122 3.821 2.274
1.90746 3.72313 2.49162
2.06642 3.636 2.752
2.25428 3.55669 3.00494
2.4797 3.498 3.332
2.75523 3.45737 3.79663
3.09963 3.478 4.403
3.54243 3.57994 5.15331
4.13284 3.83 6.117
4.95941 4.32787 7.359
6.19926 4.995 8.895
8.26568 5.79737 10.753
12.3985 6.701 12.961
24.797 12.36 25.382
