nk
0.2 0.9 
SOPRA N&K Database
130
0.2 1.42 1.715
0.205426 1.3904 1.71253
0.210853 1.38449 1.74254
0.216279 1.37837 1.81765
0.221705 1.41347 1.91943
0.227132 1.48102 2.01879
0.232558 1.58918 2.09709
0.237984 1.70315 2.14953
0.243411 1.82532 2.18488
0.248837 1.94871 2.20017
0.254264 2.08103 2.19847
0.25969 2.21539 2.1714
0.265116 2.34176 2.11254
0.270543 2.44053 2.01983
0.275969 2.49683 1.91966
0.281395 2.51859 1.83246
0.286822 2.521 1.76408
0.292248 2.51925 1.71771
0.297674 2.51648 1.6816
0.303101 2.51345 1.65464
0.308527 2.51123 1.63549
0.313953 2.51 1.62078
0.31938 2.51039 1.61202
0.324806 2.51158 1.60664
0.330233 2.5135 1.60575
0.335659 2.51747 1.6086
0.341085 2.5247 1.61474
0.346512 2.53302 1.62202
0.351938 2.54433 1.63229
0.357364 2.55804 1.64453
0.362791 2.57339 1.65844
0.368217 2.59289 1.67429
0.373643 2.6157 1.69188
0.37907 2.64136 1.71023
0.384496 2.67095 1.72884
0.389922 2.70695 1.74946
0.395349 2.75034 1.76942
0.400775 2.80238 1.78589
0.406202 2.8652 1.79412
0.411628 2.93182 1.7839
0.417054 2.99654 1.76297
0.422481 3.04698 1.72866
0.427907 3.0851 1.6904
0.433333 3.11366 1.65377
0.43876 3.13428 1.62194
0.444186 3.15031 1.59522
0.449612 3.16321 1.57269
0.455039 3.17572 1.55353
0.460465 3.18712 1.53936
0.465891 3.19823 1.52963
0.471318 3.21092 1.52247
0.476744 3.22608 1.51694
0.482171 3.24308 1.51613
0.487597 3.26424 1.5173
0.493023 3.28933 1.52098
0.49845 3.31924 1.52666
0.503876 3.35641 1.53335
0.509302 3.4046 1.53671
0.514729 3.46631 1.5282
0.520155 3.53257 1.51092
0.525581 3.59716 1.46959
0.531008 3.65085 1.4145
0.536434 3.68944 1.35293
0.54186 3.71049 1.29046
0.547287 3.72983 1.22989
0.552713 3.73744 1.17208
0.55814 3.73878 1.09812
0.563566 3.73692 1.06116
0.568992 3.73188 1.03174
0.574419 3.72503 0.992082
0.579845 3.71654 0.957393
0.585271 3.70768 0.925087
0.590698 3.69737 0.896062
0.596124 3.68859 0.862388
0.60155 3.67847 0.8438
0.606977 3.66921 0.820632
0.612403 3.65918 0.798298
0.617829 3.64931 0.778617
0.623256 3.64162 0.758913
0.628682 3.63226 0.742266
0.634109 3.62288 0.725243
0.639535 3.61438 0.709677
0.644961 3.6063 0.695678
0.650388 3.59837 0.682079
0.655814 3.5901 0.669477
0.66124 3.58195 0.658268
0.666667 3.57499 0.647408
0.672093 3.56676 0.637706
0.677519 3.56003 0.628228
0.682946 3.55359 0.618855
0.688372 3.54695 0.609737
0.693798 3.5402 0.600968
0.699225 3.53477 0.592596
0.704651 3.52947 0.584165
0.710078 3.52427 0.57635
0.715504 3.51927 0.56889
0.72093 3.51493 0.560424
0.726357 3.51068 0.554509
0.731783 3.50599 0.548765
0.737209 3.50049 0.542102
0.742636 3.49876 0.537119
0.748062 3.49598 0.531087
0.753488 3.49135 0.523477
0.758915 3.48677 0.517945
0.764341 3.4825 0.512857
0.769767 3.47872 0.508188
0.775194 3.4755 0.504604
0.78062 3.47208 0.501292
0.786047 3.4672 0.498061
0.791473 3.46403 0.49269
0.796899 3.46226 0.485553
0.802326 3.45658 0.487452
0.807752 3.45066 0.489739
0.813178 3.44783 0.483408
0.818605 3.44522 0.477803
0.824031 3.443 0.473539
0.829457 3.44111 0.468719
0.834884 3.43949 0.463433
0.84031 3.43786 0.458146
0.845736 3.43624 0.45286
0.851163 3.43461 0.447574
0.856589 3.43299 0.442288
0.862016 3.43137 0.437002
0.867442 3.42974 0.431716
0.872868 3.42812 0.42643
0.878295 3.42649 0.421144
0.883721 3.42487 0.415858
0.889147 3.42324 0.410572
0.894574 3.42162 0.405286
0.9 3.42 0.4
