nk
0.2 0.9 
SOPRA N&K Database
130
0.2 1.435 1.755
0.205426 1.435 1.74842
0.210853 1.43765 1.70916
0.216279 1.41824 1.73524
0.221705 1.41361 1.79593
0.227132 1.43368 1.87004
0.232558 1.48409 1.94961
0.237984 1.55246 2.01715
0.243411 1.62516 2.08022
0.248837 1.72018 2.14728
0.254264 1.84185 2.18864
0.25969 1.96838 2.20186
0.265116 2.09338 2.19192
0.270543 2.21185 2.15671
0.275969 2.31391 2.09684
0.281395 2.39015 2.02266
0.286822 2.43957 1.94454
0.292248 2.46788 1.87583
0.297674 2.48027 1.81349
0.303101 2.47935 1.76549
0.308527 2.47446 1.73165
0.313953 2.46969 1.70887
0.31938 2.4676 1.69304
0.324806 2.467 1.68229
0.330233 2.467 1.67524
0.335659 2.46787 1.67226
0.341085 2.46991 1.67104
0.346512 2.47401 1.67401
0.351938 2.48015 1.67914
0.357364 2.48652 1.68602
0.362791 2.49467 1.69561
0.368217 2.50489 1.70589
0.373643 2.51705 1.71826
0.37907 2.53068 1.73268
0.384496 2.54547 1.74747
0.389922 2.5634 1.76338
0.395349 2.5821 1.78042
0.400775 2.60415 1.79852
0.406202 2.62894 1.81756
0.411628 2.6563 1.83742
0.417054 2.68602 1.85801
0.422481 2.72053 1.87908
0.427907 2.76109 1.90046
0.433333 2.80829 1.92079
0.43876 2.86322 1.93702
0.444186 2.92863 1.94461
0.449612 2.99817 1.93607
0.455039 3.06237 1.91081
0.460465 3.11352 1.87655
0.465891 3.15182 1.83955
0.471318 3.1811 1.80305
0.476744 3.20402 1.7692
0.482171 3.22022 1.74085
0.487597 3.23342 1.7171
0.493023 3.24453 1.69678
0.49845 3.2544 1.67967
0.503876 3.26406 1.66629
0.509302 3.27403 1.65655
0.514729 3.28431 1.64981
0.520155 3.29502 1.64365
0.525581 3.3077 1.641
0.531008 3.32187 1.64019
0.536434 3.33644 1.64231
0.54186 3.35479 1.64557
0.547287 3.37566 1.64948
0.552713 3.39978 1.65922
0.55814 3.42777 1.66886
0.563566 3.46315 1.67969
0.568992 3.50665 1.69081
0.574419 3.56258 1.69826
0.579845 3.62969 1.6959
0.585271 3.70451 1.67503
0.590698 3.77591 1.63205
0.596124 3.83409 1.5732
0.60155 3.86442 1.51736
0.606977 3.88852 1.44778
0.612403 3.91671 1.38309
0.617829 3.92475 1.32676
0.623256 3.92868 1.27613
0.628682 3.929 1.22829
0.634109 3.92494 1.18465
0.639535 3.92032 1.14514
0.644961 3.91393 1.10868
0.650388 3.90688 1.07549
0.655814 3.89871 1.04476
0.66124 3.88943 1.01587
0.666667 3.88078 0.989461
0.672093 3.87092 0.966358
0.677519 3.86254 0.943031
0.682946 3.85339 0.921973
0.688372 3.84427 0.902431
0.693798 3.83574 0.883676
0.699225 3.82721 0.865847
0.704651 3.81889 0.849475
0.710078 3.81111 0.834395
0.715504 3.80379 0.820165
0.72093 3.79656 0.80555
0.726357 3.79002 0.791565
0.731783 3.78349 0.778181
0.737209 3.77662 0.765542
0.742636 3.77044 0.753911
0.748062 3.76383 0.743857
0.753488 3.75655 0.735717
0.758915 3.75056 0.727487
0.764341 3.74476 0.719313
0.769767 3.73908 0.711236
0.775194 3.7335 0.702709
0.78062 3.72785 0.694634
0.786047 3.72175 0.688963
0.791473 3.71641 0.681617
0.796899 3.71169 0.672888
0.802326 3.70657 0.665891
0.807752 3.70125 0.659674
0.813178 3.69503 0.656961
0.818605 3.68983 0.651896
0.824031 3.68651 0.642482
0.829457 3.6848 0.638151
0.834884 3.68443 0.638063
0.84031 3.68406 0.637974
0.845736 3.68369 0.637886
0.851163 3.68332 0.637797
0.856589 3.68295 0.637709
0.862016 3.68258 0.63762
0.867442 3.68221 0.637531
0.872868 3.68184 0.637443
0.878295 3.68147 0.637354
0.883721 3.6811 0.637266
0.889147 3.68073 0.637177
0.894574 3.68037 0.637088
0.9 3.68 0.637
