nk
0.206642 0.774907 
SOPRA N&K Database
45
0.206642 1.875 0.567
0.210144 1.921 0.5726
0.213768 1.971 0.5697
0.217518 2.025 0.5555
0.221402 2.079 0.5284
0.225428 2.127 0.4877
0.229602 2.166 0.4355
0.233934 2.192 0.3756
0.238433 2.203 0.3131
0.243108 2.2 0.2531
0.24797 2.186 0.1991
0.253031 2.164 0.1529
0.258302 2.138 0.1149
0.263798 2.11 0.08452
0.269533 2.082 0.06076
0.275523 2.054 0.04247
0.281785 2.028 0.02858
0.288338 2.004 0.01817
0.295203 1.981 0.01046
0.302403 1.96 0.004853
0.309963 1.941 0.000855
0.317911 1.923 0
0.326277 1.907 0
0.335095 1.892 0
0.344403 1.878 0
0.354243 1.865 0
0.364662 1.853 0
0.375713 1.842 0
0.387454 1.832 0
0.399952 1.822 0
0.413284 1.813 0
0.427535 1.805 0
0.442804 1.797 0
0.459204 1.789 0
0.476866 1.782 0
0.495941 1.776 0
0.516605 1.769 0
0.539066 1.763 0
0.563569 1.757 0
0.590406 1.752 0
0.619926 1.746 0
0.652554 1.741 0
0.688807 1.736 0
0.729325 1.731 0
0.774907 1.726 0
