nk
1 6 
SOPRA N&K Database
201
1 3.548 0.278
1.025 3.55207 0.285441
1.05 3.55754 0.293814
1.075 3.56449 0.301742
1.1 3.57243 0.309239
1.125 3.5813 0.316799
1.15 3.59147 0.324353
1.175 3.60149 0.331887
1.2 3.61305 0.340216
1.225 3.62427 0.348099
1.25 3.63559 0.355599
1.275 3.64717 0.363159
1.3 3.65805 0.37072
1.325 3.66898 0.37828
1.35 3.67927 0.385841
1.375 3.68837 0.393529
1.4 3.69496 0.400209
1.425 3.69946 0.40583
1.45 3.70354 0.412002
1.475 3.70776 0.420518
1.5 3.71416 0.433033
1.525 3.72289 0.44325
1.55 3.73203 0.452773
1.575 3.74279 0.458968
1.6 3.7547 0.462927
1.625 3.763 0.474
1.65 3.7747 0.47645
1.675 3.78583 0.484159
1.7 3.79716 0.493198
1.725 3.80923 0.501843
1.75 3.8223 0.511383
1.775 3.83667 0.521446
1.8 3.85093 0.530667
1.825 3.8658 0.540656
1.85 3.88202 0.550026
1.875 3.89928 0.56035
1.9 3.91723 0.57247
1.925 3.93572 0.585273
1.95 3.95417 0.599543
1.975 3.97494 0.616035
2 3.9952 0.633611
2.025 4.01712 0.650569
2.05 4.04053 0.668665
2.075 4.06335 0.690047
2.1 4.08779 0.711928
2.125 4.11446 0.735194
2.15 4.14201 0.760373
2.175 4.17013 0.788595
2.2 4.1993 0.82083
2.225 4.22992 0.857129
2.25 4.262 0.897
2.275 4.29636 0.941934
2.3 4.3307 0.990729
2.325 4.36688 1.04721
2.35 4.4032 1.11378
2.375 4.43685 1.19153
2.4 4.4663 1.28275
2.425 4.48659 1.39193
2.45 4.48551 1.52059
2.475 4.44821 1.65961
2.5 4.36154 1.78505
2.525 4.2409 1.86368
2.55 4.12972 1.88258
2.575 4.0619 1.88131
2.6 4.01997 1.88583
2.625 3.99088 1.90209
2.65 3.96585 1.92975
2.675 3.94067 1.96805
2.7 3.9111 2.01649
2.725 3.86845 2.07225
2.75 3.80665 2.13092
2.775 3.72329 2.18063
2.8 3.62703 2.20674
2.825 3.53268 2.20519
2.85 3.45211 2.1844
2.875 3.388 2.157
2.9 3.33663 2.12922
2.925 3.29435 2.10264
2.95 3.25787 2.07813
2.975 3.22587 2.05547
3 3.1973 2.03389
3.025 3.17084 2.01305
3.05 3.14807 1.99369
3.075 3.12668 1.97506
3.1 3.10781 1.95718
3.125 3.0915 1.93949
3.15 3.07702 1.9223
3.175 3.06374 1.90654
3.2 3.05112 1.89143
3.225 3.04066 1.87621
3.25 3.03176 1.86228
3.275 3.02429 1.84884
3.3 3.0179 1.83597
3.325 3.01229 1.82432
3.35 3.00816 1.81256
3.375 3.00549 1.8007
3.4 3.00354 1.79021
3.425 3.00275 1.78018
3.45 3.00347 1.77032
3.475 3.00539 1.76148
3.5 3.008 1.754
3.525 3.01211 1.7464
3.55 3.01691 1.73945
3.575 3.02297 1.73324
3.6 3.03007 1.72767
3.625 3.03807 1.72307
3.65 3.04745 1.71986
3.675 3.05748 1.71731
3.7 3.06882 1.71546
3.725 3.08228 1.71425
3.75 3.09708 1.7141
3.775 3.11239 1.7158
3.8 3.12869 1.71928
3.825 3.1472 1.72261
3.85 3.16556 1.72815
3.875 3.18571 1.73449
3.9 3.20758 1.74291
3.925 3.23114 1.75363
3.95 3.25671 1.76595
3.975 3.28367 1.7812
4 3.31276 1.79933
4.025 3.34398 1.81947
4.05 3.37737 1.84319
4.075 3.41249 1.87078
4.1 3.44918 1.90259
4.125 3.488 1.941
4.15 3.52811 1.98568
4.175 3.57118 2.03783
4.2 3.6151 2.09908
4.225 3.65883 2.17162
4.25 3.70043 2.25803
4.275 3.73549 2.36022
4.3 3.76059 2.47793
4.325 3.76971 2.61185
4.35 3.75533 2.75544
4.375 3.71295 2.90138
4.4 3.64394 3.04213
4.425 3.55362 3.17048
4.45 3.44604 3.2814
4.475 3.32358 3.37343
4.5 3.19475 3.44428
4.525 3.06586 3.49554
4.55 2.94169 3.53174
4.575 2.82311 3.55863
4.6 2.70467 3.58107
4.625 2.58427 3.59822
4.65 2.45805 3.60508
4.675 2.33008 3.5981
4.7 2.20454 3.57539
4.725 2.08507 3.53602
4.75 1.977 3.481
4.775 1.88325 3.4178
4.8 1.80361 3.34819
4.825 1.73842 3.27759
4.85 1.68564 3.20871
4.875 1.64247 3.14279
4.9 1.60754 3.08112
4.925 1.58042 3.02215
4.95 1.55773 2.96652
4.975 1.53856 2.91621
5 1.5235 2.87088
5.025 1.51166 2.82962
5.05 1.50113 2.79273
5.075 1.49276 2.76083
5.1 1.48451 2.73246
5.125 1.47504 2.70773
5.15 1.46421 2.68569
5.175 1.45128 2.66553
5.2 1.43569 2.64611
5.225 1.41883 2.62504
5.25 1.40123 2.60251
5.275 1.38349 2.57925
5.3 1.36621 2.55479
5.325 1.34998 2.52919
5.35 1.33543 2.50292
5.375 1.323 2.476
5.4 1.31194 2.44908
5.425 1.3023 2.42293
5.45 1.29407 2.39636
5.475 1.2872 2.36973
5.5 1.28202 2.34392
5.525 1.27885 2.31882
5.55 1.27627 2.29442
5.575 1.27502 2.27074
5.6 1.27581 2.24775
5.625 1.27836 2.22553
5.65 1.28229 2.20365
5.675 1.28751 2.18206
5.7 1.29338 2.16275
5.725 1.30061 2.14486
5.75 1.3099 2.12823
5.775 1.32109 2.11397
5.8 1.33265 2.10225
5.825 1.34359 2.09292
5.85 1.3554 2.0872
5.875 1.3696 2.08438
5.9 1.38283 2.08307
5.925 1.39424 2.08334
5.95 1.40553 2.08702
5.975 1.41865 2.09622
6 1.434 2.112
