nk
0.225 0.825 
SOPRA N&K Database
121
0.225 1.11487 2.45389
0.23 1.20017 2.47328
0.235 1.25855 2.47247
0.24 1.2827 2.4746
0.245 1.28379 2.49902
0.25 1.27872 2.55104
0.255 1.27946 2.62691
0.26 1.29203 2.72099
0.265 1.31923 2.82889
0.27 1.363 2.94779
0.275 1.42567 3.07573
0.28 1.51059 3.21076
0.285 1.62224 3.35023
0.29 1.76649 3.48831
0.295 1.94895 3.61621
0.3 2.17287 3.71948
0.305 2.43439 3.7786
0.31 2.71713 3.77369
0.315 2.99137 3.69518
0.32 3.22431 3.55388
0.325 3.39708 3.37813
0.33 3.51187 3.19764
0.335 3.58375 3.02883
0.34 3.62635 2.87584
0.345 3.64684 2.73798
0.35 3.64877 2.61614
0.355 3.63654 2.51287
0.36 3.61662 2.42941
0.365 3.5958 2.36387
0.37 3.57883 2.31147
0.375 3.56704 2.26639
0.38 3.55852 2.22401
0.385 3.54977 2.18251
0.39 3.53783 2.14281
0.395 3.52156 2.10719
0.4 3.50163 2.07778
0.405 3.47966 2.05579
0.41 3.45742 2.04144
0.415 3.43639 2.03431
0.42 3.41765 2.03365
0.425 3.40188 2.03867
0.43 3.38952 2.04862
0.435 3.38082 2.06292
0.44 3.37599 2.08109
0.445 3.37525 2.10281
0.45 3.37887 2.12783
0.455 3.38729 2.15599
0.46 3.40112 2.18711
0.465 3.42122 2.22089
0.47 3.44871 2.2568
0.475 3.48499 2.29386
0.48 3.53144 2.33109
0.485 3.58963 2.36445
0.49 3.65992 2.39083
0.495 3.74126 2.40555
0.5 3.83023 2.40388
0.505 3.9209 2.38254
0.51 4.00572 2.3412
0.515 4.07751 2.28328
0.52 4.13157 2.21504
0.525 4.16665 2.14374
0.53 4.18451 2.07568
0.535 4.18871 2.01519
0.54 4.18285 1.96509
0.545 4.17151 1.9251
0.55 4.1567 1.89522
0.555 4.14201 1.87521
0.56 4.12859 1.86383
0.565 4.11775 1.86007
0.57 4.11055 1.86299
0.575 4.10786 1.87171
0.58 4.11046 1.88538
0.585 4.11911 1.90312
0.59 4.13454 1.924
0.595 4.15747 1.94695
0.6 4.18858 1.97069
0.605 4.2284 1.99371
0.61 4.27721 2.01422
0.615 4.33493 2.0302
0.62 4.40099 2.03947
0.625 4.47417 2.03988
0.63 4.55259 2.02951
0.635 4.63376 2.00693
0.64 4.71476 1.97147
0.645 4.79252 1.92337
0.65 4.8642 1.86373
0.655 4.92744 1.79445
0.66 4.98064 1.71793
0.665 5.02299 1.63673
0.67 5.05445 1.55335
0.675 5.07558 1.46996
0.68 5.08734 1.38832
0.685 5.09094 1.30973
0.69 5.08764 1.23505
0.695 5.07869 1.16481
0.7 5.06522 1.09925
0.705 5.04822 1.03837
0.71 5.02856 0.98207
0.715 5.00694 0.93013
0.72 4.98395 0.882285
0.725 4.96006 0.838241
0.73 4.93563 0.797697
0.735 4.91096 0.760358
0.74 4.88628 0.725943
0.745 4.86177 0.694188
0.75 4.83755 0.66485
0.755 4.81373 0.637706
0.76 4.79038 0.612553
0.765 4.76754 0.589208
0.77 4.74526 0.567505
0.775 4.72355 0.547296
0.78 4.70243 0.528447
0.785 4.68189 0.510838
0.79 4.66195 0.494361
0.795 4.64258 0.478918
0.8 4.62378 0.464422
0.805 4.60555 0.450795
0.81 4.58785 0.437966
0.815 4.57068 0.425871
0.82 4.55403 0.414452
0.825 4.53725 0.403447
