nk
0.225 0.825 
SOPRA N&K Database
121
0.225 1.10096 2.41747
0.23 1.18976 2.44864
0.235 1.26022 2.45502
0.24 1.29872 2.4547
0.245 1.3096 2.46958
0.25 1.30837 2.51022
0.255 1.30893 2.5758
0.26 1.31932 2.66123
0.265 1.34346 2.76176
0.27 1.38373 2.87404
0.275 1.44257 2.99572
0.28 1.52314 3.12487
0.285 1.63012 3.25771
0.29 1.76879 3.38914
0.295 1.94443 3.50994
0.3 2.15957 3.60569
0.305 2.4093 3.6574
0.31 2.67627 3.64681
0.315 2.93106 3.56703
0.32 3.14343 3.43121
0.325 3.29836 3.26765
0.33 3.40092 3.10326
0.335 3.46602 2.95185
0.34 3.5065 2.81492
0.345 3.52789 2.69115
0.35 3.53262 2.58135
0.355 3.52435 2.48818
0.36 3.50903 2.41309
0.365 3.49303 2.3544
0.37 3.48079 2.30762
0.375 3.47348 2.26726
0.38 3.46917 2.22903
0.385 3.46446 2.19131
0.39 3.45653 2.15513
0.395 3.44436 2.12274
0.4 3.42866 2.09624
0.405 3.41102 2.07678
0.41 3.3932 2.06456
0.415 3.37663 2.05917
0.42 3.36234 2.05987
0.425 3.351 2.0659
0.43 3.34303 2.07655
0.435 3.33869 2.09124
0.44 3.33822 2.10955
0.445 3.34185 2.13116
0.45 3.34992 2.15582
0.455 3.36292 2.18335
0.46 3.38156 2.21349
0.465 3.40679 2.24583
0.47 3.43983 2.27962
0.475 3.48208 2.31353
0.48 3.53489 2.34537
0.485 3.59913 2.37264
0.49 3.67445 2.38964
0.495 3.75834 2.39236
0.5 3.84578 2.37697
0.505 3.92972 2.34213
0.51 4.0028 2.29009
0.515 4.05956 2.22639
0.52 4.09784 2.15814
0.525 4.11876 2.09194
0.53 4.12557 2.03258
0.535 4.12184 1.98328
0.54 4.11168 1.94373
0.545 4.09905 1.91494
0.55 4.08583 1.89583
0.555 4.0739 1.88546
0.56 4.06465 1.88281
0.565 4.05919 1.88691
0.57 4.05844 1.89685
0.575 4.06324 1.91173
0.58 4.07437 1.93064
0.585 4.09263 1.95258
0.59 4.11877 1.97639
0.595 4.15349 2.0007
0.6 4.1973 2.02386
0.605 4.25047 2.04393
0.61 4.3128 2.05872
0.615 4.38354 2.06592
0.62 4.46124 2.06326
0.625 4.54372 2.04882
0.63 4.62817 2.02128
0.635 4.71141 1.98019
0.64 4.79021 1.9261
0.645 4.86163 1.8605
0.65 4.92344 1.78564
0.655 4.97423 1.70418
0.66 5.01347 1.61889
0.665 5.0414 1.53233
0.67 5.05882 1.44665
0.675 5.06692 1.36351
0.68 5.06704 1.28409
0.685 5.06055 1.20914
0.69 5.04873 1.13903
0.695 5.03272 1.0739
0.7 5.01352 1.01367
0.705 4.99195 0.958155
0.71 4.96871 0.907084
0.715 4.94434 0.860148
0.72 4.91928 0.817024
0.725 4.89387 0.777389
0.73 4.86838 0.740934
0.735 4.84301 0.707369
0.74 4.81792 0.676425
0.745 4.79323 0.647855
0.75 4.76902 0.621436
0.755 4.74534 0.596965
0.76 4.72224 0.574261
0.765 4.69974 0.553159
0.77 4.67786 0.533512
0.775 4.6566 0.51519
0.78 4.63596 0.498075
0.785 4.61594 0.482059
0.79 4.59651 0.467049
0.795 4.57768 0.45296
0.8 4.55941 0.439714
0.805 4.54171 0.427243
0.81 4.52454 0.415484
0.815 4.50727 0.40417
0.82 4.49114 0.39368
0.825 4.47549 0.38375
