nk
0.225 0.825 
SOPRA N&K Database
121
0.225 1.1746 2.5537
0.23 1.2502 2.56311
0.235 1.29141 2.56386
0.24 1.30189 2.58061
0.245 1.29879 2.62572
0.25 1.29779 2.69832
0.255 1.30773 2.7926
0.26 1.33274 2.90321
0.265 1.3752 3.02653
0.27 1.43755 3.16013
0.275 1.52321 3.30188
0.28 1.63685 3.44905
0.285 1.7847 3.59583
0.29 1.97304 3.73325
0.295 2.20606 3.8463
0.3 2.48087 3.91393
0.305 2.78106 3.91352
0.31 3.07436 3.83267
0.315 3.32317 3.68102
0.32 3.5036 3.49084
0.325 3.61741 3.29836
0.33 3.68407 3.12557
0.335 3.72441 2.97633
0.34 3.75003 2.84464
0.345 3.76321 2.72501
0.35 3.76315 2.61717
0.355 3.75149 2.52422
0.36 3.73328 2.44838
0.365 3.71466 2.38851
0.37 3.70013 2.34037
0.375 3.69086 2.29842
0.38 3.68477 2.25826
0.385 3.67819 2.2183
0.39 3.66807 2.17969
0.395 3.65323 2.14495
0.4 3.63439 2.11647
0.405 3.61325 2.09561
0.41 3.59169 2.08273
0.415 3.57133 2.0775
0.42 3.55334 2.07927
0.425 3.53855 2.08733
0.43 3.52756 2.10103
0.435 3.52084 2.11986
0.44 3.51887 2.14343
0.445 3.52224 2.17144
0.45 3.53174 2.20364
0.455 3.54843 2.23965
0.46 3.57374 2.27885
0.465 3.60923 2.32076
0.47 3.65719 2.36196
0.475 3.71908 2.39978
0.48 3.79551 2.42947
0.485 3.88503 2.44518
0.49 3.98305 2.4412
0.495 4.08186 2.41393
0.5 4.17213 2.36391
0.505 4.24569 2.29634
0.51 4.29805 2.21942
0.515 4.32906 2.14174
0.52 4.34149 2.07054
0.525 4.3408 2.00901
0.53 4.3314 1.95943
0.535 4.31737 1.92202
0.54 4.30197 1.89607
0.545 4.28705 1.88034
0.55 4.27572 1.87403
0.555 4.26882 1.87569
0.56 4.26761 1.88416
0.565 4.27322 1.89821
0.57 4.2867 1.91656
0.575 4.30905 1.9377
0.58 4.34115 1.95989
0.585 4.38362 1.981
0.59 4.4367 1.99859
0.595 4.49999 2.00992
0.6 4.57229 2.01217
0.605 4.65151 2.00274
0.61 4.73466 1.97964
0.615 4.81811 1.94186
0.62 4.89801 1.8896
0.625 4.97078 1.82429
0.63 5.03357 1.7484
0.635 5.08459 1.66498
0.64 5.12312 1.57724
0.645 5.14941 1.48817
0.65 5.16442 1.40023
0.655 5.16956 1.3153
0.66 5.16638 1.23464
0.665 5.15644 1.15901
0.67 5.14119 1.08875
0.675 5.1219 1.02392
0.68 5.09962 0.964357
0.685 5.07522 0.909792
0.69 5.04941 0.859884
0.695 5.02273 0.814261
0.7 4.99562 0.772546
0.705 4.96841 0.734377
0.71 4.94133 0.699412
0.715 4.91458 0.667336
0.72 4.88828 0.637861
0.725 4.86254 0.610727
0.73 4.83742 0.585703
0.735 4.81296 0.562578
0.74 4.78919 0.541167
0.745 4.76612 0.521306
0.75 4.74374 0.502845
0.755 4.72207 0.485654
0.76 4.70107 0.469616
0.765 4.68075 0.454626
0.77 4.66108 0.440592
0.775 4.64204 0.427429
0.78 4.623 0.414855
0.785 4.60517 0.403229
0.79 4.58791 0.392274
0.795 4.5712 0.381935
0.8 4.55501 0.372164
0.805 4.53932 0.362917
0.81 4.52412 0.354155
0.815 4.50939 0.345842
0.82 4.4951 0.337944
0.825 4.48125 0.330432
