nk
0.206642 0.826568 
SOPRA N&K Database
226
0.206642 1.34397 2.26768
0.207333 1.32507 2.21423
0.208029 1.30659 2.28756
0.208729 1.32171 2.27333
0.209434 1.30442 2.26295
0.210144 1.32016 2.26941
0.210859 1.31254 2.29052
0.211579 1.3074 2.27934
0.212303 1.30553 2.28758
0.213033 1.29928 2.29994
0.213768 1.3033 2.30907
0.214507 1.30077 2.32569
0.215252 1.29999 2.34121
0.216002 1.30202 2.35361
0.216757 1.30283 2.36387
0.217518 1.30442 2.37707
0.218284 1.30218 2.39367
0.219055 1.30813 2.4114
0.219832 1.31018 2.42464
0.220614 1.31237 2.4446
0.221402 1.31638 2.46172
0.222196 1.32162 2.47673
0.222995 1.32794 2.49321
0.2238 1.33254 2.5113
0.224611 1.33799 2.52967
0.225428 1.34493 2.54683
0.22625 1.35233 2.56456
0.227079 1.35966 2.58622
0.227914 1.36851 2.60515
0.228755 1.37694 2.6247
0.229602 1.38765 2.64568
0.230456 1.39773 2.66476
0.231316 1.40782 2.6854
0.232182 1.41962 2.7058
0.233055 1.43123 2.72688
0.233934 1.44339 2.74888
0.23482 1.45721 2.77051
0.235713 1.46905 2.79506
0.236613 1.48339 2.81686
0.23752 1.49751 2.84004
0.238433 1.51388 2.86469
0.239354 1.52988 2.88953
0.240281 1.54701 2.91428
0.241216 1.56429 2.93965
0.242159 1.58293 2.96648
0.243108 1.60152 2.99457
0.244065 1.62312 3.02329
0.24503 1.64555 3.05216
0.246002 1.66908 3.08312
0.246982 1.69531 3.11456
0.24797 1.72478 3.14812
0.248966 1.75654 3.18264
0.24997 1.79092 3.21683
0.250982 1.82933 3.25206
0.252002 1.87043 3.28789
0.253031 1.91613 3.32219
0.254068 1.96416 3.35545
0.255114 2.01833 3.38755
0.256168 2.07516 3.41707
0.257231 2.13718 3.44421
0.258302 2.20267 3.46764
0.259383 2.27251 3.48721
0.260473 2.34523 3.50237
0.261572 2.42047 3.51256
0.26268 2.49696 3.51681
0.263798 2.57661 3.51561
0.264926 2.6566 3.50794
0.266063 2.73622 3.49468
0.267209 2.81507 3.47509
0.268366 2.89261 3.44888
0.269533 2.96636 3.41744
0.27071 3.03706 3.38078
0.271897 3.10389 3.34045
0.273095 3.16648 3.29729
0.274303 3.22579 3.25144
0.275523 3.28061 3.20225
0.276753 3.33489 3.15126
0.277994 3.38341 3.09689
0.279246 3.42997 3.03956
0.280509 3.46999 2.97942
0.281785 3.50597 2.91657
0.283071 3.53593 2.85239
0.28437 3.55898 2.78684
0.28568 3.57537 2.72291
0.287003 3.58657 2.66102
0.288338 3.59335 2.6021
0.289685 3.59634 2.54593
0.291045 3.59574 2.49229
0.292418 3.59314 2.44251
0.293804 3.58782 2.39556
0.295203 3.58047 2.352
0.296615 3.57192 2.31094
0.298041 3.56176 2.27304
0.299481 3.54973 2.23793
0.300935 3.53729 2.20517
0.302403 3.52496 2.17463
0.303885 3.51277 2.14648
0.305382 3.50047 2.12028
0.306894 3.48852 2.0963
0.308421 3.47657 2.07437
0.309963 3.46458 2.05398
0.311521 3.45325 2.0351
0.313094 3.44209 2.01768
0.314683 3.43119 2.00164
0.316289 3.42144 1.98733
0.317911 3.41132 1.97447
0.319549 3.4018 1.96256
0.321205 3.39319 1.95124
0.322878 3.38506 1.94079
0.324569 3.37711 1.93164
0.326277 3.36932 1.92342
0.328003 3.36232 1.91603
0.329748 3.35582 1.90972
0.331511 3.35086 1.90328
0.333293 3.34531 1.89839
0.335095 3.34039 1.89372
0.336916 3.33627 1.89004
0.338757 3.33273 1.88648
0.340619 3.32914 1.8836
0.342501 3.32692 1.88143
0.344403 3.32491 1.87948
0.346327 3.32339 1.87836
0.348273 3.32236 1.8776
0.350241 3.32165 1.8773
0.352231 3.32135 1.87777
0.354243 3.32205 1.87843
0.356279 3.32333 1.87984
0.358339 3.3249 1.88142
0.360422 3.3269 1.88355
0.36253 3.32953 1.8862
0.364662 3.33332 1.88912
0.36682 3.33733 1.89299
0.369004 3.34216 1.89675
0.371213 3.34783 1.90123
0.373449 3.35424 1.90653
0.375713 3.36157 1.91221
0.378004 3.3694 1.9181
0.380323 3.37818 1.92415
0.38267 3.38804 1.93101
0.385047 3.39863 1.9383
0.387454 3.41091 1.94603
0.389891 3.4244 1.95436
0.392358 3.43886 1.96323
0.394857 3.45521 1.97237
0.397388 3.47251 1.98161
0.399952 3.49153 1.99126
0.402549 3.51258 2.00129
0.40518 3.53599 2.0115
0.407846 3.56234 2.02195
0.410547 3.59026 2.03271
0.413284 3.62274 2.04321
0.416058 3.65712 2.05259
0.418869 3.69565 2.06135
0.421718 3.73916 2.06633
0.424607 3.7865 2.0692
0.427535 3.83862 2.06686
0.430504 3.89416 2.05783
0.433515 3.95099 2.041
0.436568 4.00577 2.01714
0.439664 4.05677 1.98655
0.442804 4.10279 1.95175
0.44599 4.14327 1.91447
0.449222 4.17919 1.87672
0.452501 4.21228 1.83901
0.455828 4.24313 1.80404
0.459204 4.27284 1.77201
0.462631 4.30468 1.74161
0.46611 4.33935 1.71273
0.469641 4.38244 1.67775
0.473226 4.43192 1.63809
0.476866 4.48403 1.58663
0.480563 4.53337 1.52303
0.484317 4.57486 1.44474
0.488131 4.60211 1.35818
0.492005 4.61438 1.26768
0.495941 4.61277 1.18073
0.49994 4.60048 1.10166
0.504005 4.58103 1.02904
0.508136 4.55618 0.963126
0.512335 4.52814 0.904178
0.516605 4.49945 0.850251
0.520946 4.46934 0.805583
0.525361 4.43894 0.765163
0.529851 4.40849 0.729243
0.534419 4.37945 0.693927
0.539066 4.3509 0.664571
0.543795 4.3233 0.638156
0.548607 4.29676 0.612156
0.553505 4.27091 0.586824
0.558492 4.24615 0.565143
0.563569 4.22306 0.543724
0.568739 4.20016 0.524556
0.574005 4.17757 0.507487
0.57937 4.15604 0.492009
0.584836 4.13483 0.479064
0.590406 4.11419 0.465776
0.596083 4.0944 0.452184
0.60187 4.07574 0.440615
0.60777 4.05779 0.427743
0.613788 4.04006 0.413535
0.619926 4.02307 0.401476
0.626188 4.00649 0.390081
0.632577 3.99013 0.379375
0.639099 3.97335 0.373407
0.645756 3.95805 0.365016
0.652554 3.9427 0.356292
0.659496 3.92773 0.350812
0.666587 3.91272 0.347288
0.673833 3.89957 0.339953
0.681237 3.88689 0.331334
0.688807 3.87391 0.326676
0.696546 3.86161 0.317536
0.704461 3.85026 0.309179
0.712559 3.83873 0.306732
0.720844 3.82796 0.297833
0.729325 3.81634 0.297394
0.738007 3.8059 0.291238
0.746899 3.7967 0.284234
0.756007 3.78591 0.286171
0.765341 3.77412 0.291287
0.774907 3.76358 0.281754
0.784716 3.75365 0.280562
0.794777 3.74429 0.282778
0.805099 3.73375 0.287163
0.815692 3.7262 0.284745
0.826568 3.7203 0.260895
