nk
0.225 0.825 
SOPRA N&K Database
121
0.225 1.2486 2.67284
0.23 1.31493 2.68245
0.235 1.34615 2.69452
0.24 1.35367 2.73065
0.245 1.35612 2.79711
0.25 1.36699 2.8899
0.255 1.39337 3.00289
0.26 1.43908 3.13124
0.265 1.50743 3.27154
0.27 1.6026 3.42069
0.275 1.73009 3.57479
0.28 1.89696 3.72614
0.285 2.10973 3.86277
0.29 2.37106 3.9654
0.295 2.67281 4.00899
0.3 2.98955 3.96997
0.305 3.27953 3.84315
0.31 3.50279 3.65209
0.315 3.64343 3.43999
0.32 3.71467 3.24594
0.325 3.74483 3.08887
0.33 3.7604 2.96752
0.335 3.7765 2.86927
0.34 3.79536 2.78053
0.345 3.81128 2.69429
0.35 3.81832 2.61162
0.355 3.81533 2.53766
0.36 3.80612 2.47639
0.365 3.79636 2.42795
0.37 3.79031 2.38892
0.375 3.78907 2.35436
0.38 3.79047 2.32035
0.385 3.79082 2.2857
0.39 3.7871 2.25196
0.395 3.77826 2.22199
0.4 3.76518 2.19843
0.405 3.74974 2.1829
0.41 3.73406 2.17596
0.415 3.72001 2.17749
0.42 3.70913 2.18704
0.425 3.70273 2.2041
0.43 3.70206 2.22815
0.435 3.7085 2.25869
0.44 3.72374 2.29507
0.445 3.7497 2.3369
0.45 3.78935 2.38095
0.455 3.84504 2.4245
0.46 3.91862 2.46228
0.465 4.00978 2.4871
0.47 4.11437 2.49101
0.475 4.22356 2.46796
0.48 4.32538 2.41708
0.485 4.40865 2.34409
0.49 4.46698 2.25946
0.495 4.49974 2.17486
0.5 4.51204 2.09796
0.505 4.5098 2.03413
0.51 4.49922 1.98522
0.515 4.48552 1.95106
0.52 4.47274 1.93044
0.525 4.46405 1.92173
0.53 4.46139 1.92292
0.535 4.46807 1.9323
0.54 4.48537 1.94738
0.545 4.51486 1.96546
0.55 4.55767 1.98328
0.555 4.6142 1.99702
0.56 4.6837 2.00245
0.565 4.76398 1.99536
0.57 4.85128 1.97221
0.575 4.94054 1.93088
0.58 5.02611 1.87122
0.585 5.1027 1.7952
0.59 5.16627 1.70647
0.595 5.21454 1.6096
0.6 5.24703 1.50918
0.605 5.2647 1.40918
0.61 5.26941 1.31262
0.615 5.26342 1.22149
0.62 5.249 1.1369
0.625 5.22823 1.05929
0.63 5.20288 0.988636
0.635 5.17438 0.92463
0.64 5.14385 0.8668
0.645 5.11217 0.814605
0.65 5.07997 0.767487
0.655 5.04773 0.72491
0.66 5.0158 0.686376
0.665 4.98442 0.651429
0.67 4.95376 0.619663
0.675 4.92393 0.590719
0.68 4.89499 0.564279
0.685 4.86698 0.540064
0.69 4.83992 0.517829
0.695 4.81379 0.497362
0.7 4.7886 0.478475
0.705 4.76432 0.461003
0.71 4.74092 0.444805
0.715 4.71777 0.429543
0.72 4.69604 0.415534
0.725 4.67511 0.40246
0.73 4.65493 0.390235
0.735 4.63546 0.378782
0.74 4.61669 0.368032
0.745 4.59857 0.357925
0.75 4.58108 0.348406
0.755 4.56418 0.339426
0.76 4.54786 0.330942
0.765 4.53208 0.322915
0.77 4.51682 0.315309
0.775 4.50205 0.308092
0.78 4.48776 0.301237
0.785 4.47392 0.294716
0.79 4.46052 0.288506
0.795 4.44752 0.282585
0.8 4.43492 0.276934
0.805 4.42269 0.271534
0.81 4.41083 0.26637
0.815 4.39931 0.261426
0.82 4.38813 0.256688
0.825 4.37726 0.252144
