nk
0.225 0.825 
SOPRA N&K Database
121
0.225 1.13917 2.49605
0.23 1.22024 2.50932
0.235 1.26988 2.50751
0.24 1.28613 2.51534
0.245 1.2837 2.54902
0.25 1.27925 2.61055
0.255 1.28318 2.69488
0.26 1.3004 2.79639
0.265 1.33332 2.91108
0.27 1.38394 3.0364
0.275 1.45494 3.17046
0.28 1.55004 3.31137
0.285 1.67463 3.45498
0.29 1.83464 3.59517
0.295 2.03567 3.72099
0.3 2.27956 3.81563
0.305 2.55896 3.85774
0.31 2.85213 3.8283
0.315 3.12508 3.72298
0.32 3.3456 3.56034
0.325 3.50095 3.37296
0.33 3.5998 3.18972
0.335 3.66013 3.02359
0.34 3.69579 2.87492
0.345 3.71263 2.74104
0.35 3.71278 2.62218
0.355 3.69969 2.52093
0.36 3.67934 2.43881
0.365 3.6583 2.37415
0.37 3.64125 2.32232
0.375 3.62949 2.27752
0.38 3.62104 2.23519
0.385 3.61231 2.19354
0.39 3.60026 2.15356
0.395 3.58373 2.11761
0.4 3.5634 2.08793
0.405 3.5409 2.0658
0.41 3.51806 2.05147
0.415 3.4964 2.04457
0.42 3.47704 2.04438
0.425 3.46072 2.05011
0.43 3.4479 2.06107
0.435 3.43892 2.07666
0.44 3.43405 2.09645
0.445 3.43359 2.12013
0.45 3.43796 2.14748
0.455 3.44776 2.17829
0.46 3.46381 2.21232
0.465 3.48723 2.24913
0.47 3.51944 2.28788
0.475 3.56192 2.3278
0.48 3.61659 2.36505
0.485 3.68425 2.39666
0.49 3.76452 2.41784
0.495 3.85471 2.42333
0.5 3.94932 2.40882
0.505 4.04058 2.3727
0.51 4.12037 2.31735
0.515 4.1826 2.24875
0.52 4.2248 2.17461
0.525 4.24806 2.10213
0.53 4.2558 2.03657
0.535 4.25188 1.98145
0.54 4.24124 1.93694
0.545 4.22693 1.90344
0.55 4.21101 1.88003
0.555 4.19677 1.86618
0.56 4.18508 1.86058
0.565 4.17716 1.86219
0.57 4.174 1.87004
0.575 4.17648 1.88318
0.58 4.18547 1.90061
0.585 4.20179 1.92128
0.59 4.22621 1.94392
0.595 4.25945 1.96707
0.6 4.30201 1.98896
0.605 4.35406 2.00754
0.61 4.41532 2.02054
0.615 4.48486 2.02557
0.62 4.56105 2.02039
0.625 4.64151 2.00316
0.63 4.72329 1.97275
0.635 4.80312 1.92895
0.64 4.87781 1.87258
0.645 4.94458 1.80536
0.65 5.00141 1.7297
0.655 5.04715 1.64832
0.66 5.08152 1.56395
0.665 5.10494 1.47901
0.67 5.11837 1.3955
0.675 5.12304 1.31492
0.68 5.12031 1.23829
0.685 5.1115 1.16623
0.69 5.09785 1.09901
0.695 5.08045 1.03669
0.7 5.06022 0.979157
0.705 5.03794 0.926182
0.71 5.01422 0.877483
0.715 4.98957 0.832746
0.72 4.96439 0.79165
0.725 4.93898 0.75388
0.73 4.91359 0.719136
0.735 4.8884 0.687137
0.74 4.86354 0.657627
0.745 4.83912 0.63037
0.75 4.8152 0.605153
0.755 4.79185 0.581783
0.76 4.76908 0.560088
0.765 4.74692 0.539913
0.77 4.72538 0.521119
0.775 4.70447 0.50358
0.78 4.68417 0.487187
0.785 4.66447 0.471838
0.79 4.64538 0.457444
0.795 4.62686 0.443924
0.8 4.60891 0.431207
0.805 4.59151 0.419225
0.81 4.57402 0.407712
0.815 4.55767 0.39704
0.82 4.54181 0.386945
0.825 4.52643 0.377382
