nk
0.225 0.825 
SOPRA N&K Database
121
0.225 1.10241 2.42615
0.23 1.19042 2.45317
0.235 1.25709 2.45648
0.24 1.29059 2.45617
0.245 1.29766 2.47361
0.25 1.29453 2.51765
0.255 1.29456 2.58635
0.26 1.30507 2.67436
0.265 1.32954 2.777
0.27 1.37015 2.89112
0.275 1.42921 3.01453
0.28 1.50983 3.14546
0.285 1.61665 3.28036
0.29 1.75499 3.41439
0.295 1.93033 3.53875
0.3 2.14577 3.63944
0.305 2.39752 3.69759
0.31 2.66965 3.69407
0.315 2.93342 3.61984
0.32 3.15738 3.48559
0.325 3.32367 3.3187
0.33 3.43489 3.14738
0.335 3.50518 2.98761
0.34 3.54792 2.84253
0.345 3.56956 2.71156
0.35 3.57332 2.5957
0.355 3.56337 2.49752
0.36 3.546 2.41836
0.365 3.5278 2.35638
0.37 3.51338 2.30693
0.375 3.50399 2.26437
0.38 3.49772 2.22424
0.385 3.49113 2.18483
0.39 3.48135 2.1471
0.395 3.46733 2.11331
0.4 3.44974 2.08554
0.405 3.43019 2.06497
0.41 3.41043 2.05179
0.415 3.3919 2.04558
0.42 3.37566 2.0456
0.425 3.36237 2.05105
0.43 3.35244 2.06123
0.435 3.34614 2.07553
0.44 3.34366 2.09351
0.445 3.3452 2.11483
0.45 3.35107 2.13927
0.455 3.36168 2.16664
0.46 3.37767 2.19674
0.465 3.39989 2.22924
0.47 3.42947 2.26357
0.475 3.46777 2.29864
0.48 3.51621 2.33265
0.485 3.5759 2.36357
0.49 3.64719 2.38606
0.495 3.72852 2.39622
0.5 3.816 2.38963
0.505 3.90339 2.36366
0.51 3.98321 2.31884
0.515 4.04891 2.25931
0.52 4.09668 2.19165
0.525 4.12615 2.12287
0.53 4.13966 2.05871
0.535 4.14051 2.00336
0.54 4.1335 1.95764
0.545 4.12112 1.92213
0.55 4.10741 1.89699
0.555 4.09389 1.88104
0.56 4.08218 1.8733
0.565 4.07348 1.8728
0.57 4.06878 1.87862
0.575 4.06892 1.88988
0.58 4.07467 1.90573
0.585 4.08678 1.92528
0.59 4.10599 1.94756
0.595 4.13303 1.97141
0.6 4.16852 1.99547
0.605 4.21293 2.0181
0.61 4.26645 2.03741
0.615 4.32881 2.05128
0.62 4.3992 2.05747
0.625 4.47614 2.05385
0.63 4.55747 2.03863
0.635 4.64046 2.01063
0.64 4.72203 1.9695
0.645 4.79909 1.91582
0.65 4.86891 1.85108
0.655 4.92935 1.77745
0.66 4.9791 1.6975
0.665 5.01767 1.61385
0.67 5.04529 1.52894
0.675 5.06273 1.44485
0.68 5.07111 1.36316
0.685 5.0717 1.28502
0.69 5.06581 1.21115
0.695 5.05467 1.14195
0.7 5.03938 1.07756
0.705 5.02091 1.01792
0.71 5.00007 0.96286
0.715 4.97751 0.912136
0.72 4.95378 0.865456
0.725 4.92933 0.82251
0.73 4.90448 0.782993
0.735 4.8795 0.746607
0.74 4.85461 0.713072
0.745 4.82995 0.682127
0.75 4.80565 0.653532
0.755 4.78179 0.627068
0.76 4.75844 0.602539
0.765 4.73564 0.579765
0.77 4.71341 0.558586
0.775 4.69177 0.538857
0.78 4.67073 0.520448
0.785 4.65029 0.503243
0.79 4.63045 0.487137
0.795 4.61119 0.472037
0.8 4.5925 0.457857
0.805 4.57438 0.444521
0.81 4.5568 0.431962
0.815 4.53974 0.420116
0.82 4.5232 0.408929
0.825 4.50654 0.398142
