nk
0.225 0.825 
SOPRA N&K Database
121
0.225 1.22106 2.6284
0.23 1.29049 2.63701
0.235 1.3245 2.64426
0.24 1.3321 2.67312
0.245 1.33169 2.73186
0.25 1.33753 2.81736
0.255 1.35717 2.92351
0.26 1.39439 3.04533
0.265 1.45202 3.17943
0.27 1.53347 3.32314
0.275 1.64337 3.47361
0.28 1.78807 3.62516
0.285 1.97427 3.76906
0.29 2.20711 3.89035
0.295 2.4851 3.96731
0.3 2.79293 3.9754
0.305 3.09796 3.89816
0.31 3.35833 3.74324
0.315 3.54483 3.54407
0.32 3.65615 3.34228
0.325 3.71357 3.16621
0.33 3.74387 3.02316
0.335 3.76559 2.90535
0.34 3.78466 2.8009
0.345 3.79809 2.70274
0.35 3.80157 2.61116
0.355 3.79474 2.53048
0.36 3.78175 2.46402
0.365 3.76837 2.41147
0.37 3.75891 2.36912
0.375 3.75446 2.33181
0.38 3.75288 2.29544
0.385 3.75047 2.25869
0.39 3.74417 2.22294
0.395 3.73288 2.19095
0.4 3.71739 2.16525
0.405 3.69951 2.14736
0.41 3.68125 2.13776
0.415 3.66435 2.13624
0.42 3.65016 2.14226
0.425 3.63974 2.15524
0.43 3.634 2.17463
0.435 3.63382 2.19998
0.44 3.64029 2.2309
0.445 3.65475 2.26689
0.45 3.67874 2.30779
0.455 3.71486 2.35087
0.46 3.7652 2.39414
0.465 3.83169 2.43344
0.47 3.91483 2.46282
0.475 4.01221 2.47515
0.48 4.11743 2.46399
0.485 4.22049 2.42635
0.49 4.31043 2.36482
0.495 4.37909 2.28729
0.5 4.4235 2.20402
0.505 4.4453 2.12479
0.51 4.45023 2.05498
0.515 4.44371 1.99822
0.52 4.43098 1.95535
0.525 4.41629 1.92583
0.53 4.4029 1.90844
0.535 4.39275 1.90155
0.54 4.38907 1.90393
0.545 4.39295 1.91375
0.55 4.40595 1.92921
0.555 4.42946 1.94825
0.56 4.46461 1.96838
0.565 4.51211 1.98668
0.57 4.57196 1.99975
0.575 4.64315 2.00394
0.58 4.72345 1.99574
0.585 4.80936 1.9723
0.59 4.8964 1.93205
0.595 4.97966 1.87505
0.6 5.05459 1.80309
0.605 5.11771 1.71933
0.61 5.16694 1.6277
0.615 5.2017 1.53224
0.62 5.22267 1.43649
0.625 5.23133 1.34325
0.63 5.22959 1.25449
0.635 5.21944 1.17138
0.64 5.20277 1.09451
0.645 5.1812 1.02399
0.65 5.15613 0.959663
0.655 5.12865 0.901184
0.66 5.09965 0.848113
0.665 5.0698 0.799972
0.67 5.03959 0.756286
0.675 5.00942 0.7166
0.68 4.97955 0.680493
0.685 4.95019 0.647581
0.69 4.92148 0.617519
0.695 4.89349 0.59
0.7 4.86631 0.56475
0.705 4.83995 0.541529
0.71 4.81443 0.520125
0.715 4.78975 0.50035
0.72 4.76591 0.482039
0.725 4.74288 0.465048
0.73 4.72065 0.449247
0.735 4.69919 0.434522
0.74 4.67788 0.420568
0.745 4.65789 0.407716
0.75 4.63859 0.395671
0.755 4.61995 0.384362
0.76 4.60194 0.373727
0.765 4.58454 0.36371
0.77 4.56772 0.354258
0.775 4.55145 0.345329
0.78 4.53571 0.336879
0.785 4.52048 0.328873
0.79 4.50573 0.321277
0.795 4.49145 0.31406
0.8 4.47761 0.307197
0.805 4.4642 0.300661
0.81 4.45119 0.29443
0.815 4.43857 0.288484
0.82 4.42632 0.282803
0.825 4.41443 0.277371
