nk
0.206642 2.4797 
SOPRA N&K Database
111
0.206642 1.336 2.113
0.208378 1.30787 2.14869
0.210144 1.301 2.183
0.21194 1.29619 2.22944
0.213768 1.299 2.28
0.215626 1.30875 2.33125
0.217518 1.325 2.383
0.219443 1.34844 2.43506
0.221402 1.375 2.484
0.223397 1.40181 2.52369
0.225428 1.426 2.562
0.227496 1.442 2.6025
0.229602 1.455 2.652
0.231748 1.46556 2.71925
0.233934 1.482 2.802
0.236162 1.51 2.90119
0.238433 1.558 3.016
0.240748 1.63212 3.15412
0.243108 1.745 3.291
0.245515 1.92375 3.409
0.24797 2.131 3.495
0.250475 2.33525 3.51706
0.253031 2.546 3.514
0.25564 2.75494 3.53506
0.258302 2.984 3.517
0.261021 3.28437 3.40681
0.263798 3.56 3.223
0.266635 3.72244 2.93981
0.269533 3.8 2.637
0.272495 3.77413 2.38975
0.275523 3.697 2.186
0.278618 3.6145 2.04644
0.281785 3.527 1.948
0.285023 3.45169 1.87613
0.288338 3.384 1.826
0.29173 3.3255 1.78806
0.295203 3.275 1.762
0.298759 3.23212 1.74481
0.302403 3.196 1.735
0.306136 3.16562 1.72994
0.309963 3.141 1.73
0.313887 3.12188 1.73487
0.317911 3.108 1.744
0.322039 3.09894 1.75669
0.326277 3.095 1.773
0.330627 3.09631 1.79281
0.335095 3.103 1.816
0.339685 3.11475 1.84194
0.344403 3.133 1.872
0.349254 3.15825 1.9065
0.354243 3.193 1.948
0.359377 3.23244 1.99944
0.364662 3.299 2.06
0.370105 3.41913 2.14562
0.375713 3.576 2.209
0.381493 3.76587 2.21081
0.387454 3.976 2.143
0.393604 4.22175 1.96538
0.399952 4.415 1.735
0.406509 4.44113 1.48319
0.413284 4.395 1.247
0.420289 4.33269 1.08613
0.427535 4.256 0.964
0.435036 4.18712 0.86475
0.442804 4.121 0.786
0.450855 4.06037 0.720875
0.459204 4.004 0.667
0.467869 3.9515 0.619813
0.476866 3.903 0.579
0.486216 3.85875 0.542875
0.495941 3.818 0.511
0.506062 3.78012 0.482313
0.516605 3.745 0.457
0.527597 3.71225 0.435375
0.539066 3.682 0.416
0.551045 3.65431 0.3975
0.563569 3.629 0.38
0.576675 3.60594 0.363125
0.590406 3.585 0.347
0.604806 3.56625 0.331438
0.619926 3.549 0.317
0.635821 3.53231 0.304563
0.652554 3.517 0.293
0.67019 3.5035 0.28175
0.688807 3.492 0.27
0.708487 3.483 0.256063
0.729325 3.476 0.242
0.751425 3.47119 0.229188
0.774907 3.467 0.218
0.799904 3.46327 0.214875
0.826568 3.456 0.203
0.85507 3.44015 0.161858
0.885608 3.4186 0.109
0.918409 3.39202 0.048783
0.953732 3.362 0.000281
0.991881 3.32865 0.006654
1.03321 3.297 0
1.07813 3.27356 1.8e-05
1.12714 3.254 0
1.18081 3.23612 0
1.23985 3.22 0
1.30511 3.20487 0
1.37761 3.191 0
1.45865 3.1785 0
1.54981 3.167 0
1.65314 3.15606 0
1.77122 3.146 0
1.90746 3.1372 0
2.06642 3.129 0
2.25428 3.121 0
2.4797 3.114 0
