nk
0.206642 0.774907 
SOPRA N&K Database
45
0.206642 1.537 0.1367
0.210144 1.542 0.124
0.213768 1.545 0.1118
0.217518 1.547 0.1002
0.221402 1.548 0.08929
0.225428 1.549 0.07915
0.229602 1.549 0.06976
0.233934 1.548 0.06113
0.238433 1.546 0.05323
0.243108 1.545 0.04603
0.24797 1.543 0.03951
0.253031 1.541 0.03362
0.258302 1.538 0.02833
0.263798 1.536 0.02359
0.269533 1.534 0.01935
0.275523 1.531 0.01559
0.281785 1.529 0.01226
0.288338 1.527 0.009336
0.295203 1.524 0.006773
0.302403 1.522 0.004545
0.309963 1.52 0.002624
0.317911 1.518 0.000983
0.326277 1.516 0
0.335095 1.514 0
0.344403 1.512 0
0.354243 1.51 0
0.364662 1.509 0
0.375713 1.507 0
0.387454 1.506 0
0.399952 1.504 0
0.413284 1.503 0
0.427535 1.502 0
0.442804 1.501 0
0.459204 1.5 0
0.476866 1.499 0
0.495941 1.498 0
0.516605 1.497 0
0.539066 1.496 0
0.563569 1.496 0
0.590406 1.495 0
0.619926 1.495 0
0.652554 1.494 0
0.688807 1.494 0
0.729325 1.493 0
0.774907 1.493 0
