nk
0.206642 1.23985 
SOPRA N&K Database
201
0.206642 1.23 1.91
0.207507 1.01339 2.08071
0.208378 0.915925 2.16374
0.209258 0.897122 2.18979
0.210144 0.911309 2.19392
0.211039 0.93475 2.19272
0.21194 0.946825 2.20007
0.21285 0.957597 2.20625
0.213768 0.968598 2.21041
0.214693 0.979602 2.21671
0.215626 0.988776 2.22352
0.216568 0.99491 2.22964
0.217518 1.0008 2.23585
0.218476 1.00695 2.24294
0.219443 1.0131 2.25229
0.220418 1.01921 2.26302
0.221402 1.02536 2.27476
0.222395 1.03176 2.28764
0.223397 1.03887 2.30169
0.224408 1.04721 2.31699
0.225428 1.05689 2.3325
0.226457 1.06827 2.34788
0.227496 1.08204 2.36325
0.228544 1.09799 2.37874
0.229602 1.1158 2.39426
0.23067 1.13397 2.40819
0.231748 1.15268 2.41983
0.232836 1.17341 2.42851
0.233934 1.19438 2.43536
0.235043 1.21466 2.44083
0.236162 1.23432 2.4446
0.237292 1.2529 2.44592
0.238433 1.26992 2.44379
0.239585 1.28509 2.4403
0.240748 1.29751 2.43654
0.241922 1.30484 2.43312
0.243108 1.30873 2.43045
0.244306 1.31071 2.429
0.245515 1.3111 2.42998
0.246737 1.31004 2.43387
0.24797 1.30716 2.44084
0.249216 1.30395 2.45098
0.250475 1.30148 2.46404
0.251747 1.30056 2.47851
0.253031 1.30112 2.49472
0.254329 1.30282 2.51345
0.25564 1.30492 2.53364
0.256964 1.3075 2.5547
0.258302 1.31166 2.57601
0.259655 1.31745 2.59786
0.261021 1.32479 2.62051
0.262402 1.33247 2.64431
0.263798 1.34071 2.66918
0.265209 1.35083 2.69475
0.266635 1.36163 2.72108
0.268076 1.37269 2.74816
0.269533 1.38487 2.77606
0.271006 1.39826 2.80455
0.272495 1.41287 2.83325
0.274 1.42798 2.86285
0.275523 1.44342 2.8938
0.277062 1.45959 2.92683
0.278618 1.47669 2.96131
0.280193 1.49495 2.99676
0.281785 1.51502 3.03434
0.283395 1.53706 3.07432
0.285023 1.56074 3.11644
0.286671 1.58724 3.16133
0.288338 1.61742 3.20936
0.290024 1.65133 3.26036
0.29173 1.69041 3.31455
0.293456 1.73643 3.37229
0.295203 1.79102 3.43332
0.29697 1.8558 3.49628
0.298759 1.93247 3.55855
0.30057 2.02271 3.61616
0.302403 2.12781 3.66506
0.304258 2.24571 3.70039
0.306136 2.37267 3.7186
0.308038 2.50359 3.71563
0.309963 2.63174 3.69377
0.311912 2.75176 3.65521
0.313887 2.86111 3.60424
0.315886 2.9587 3.54444
0.317911 3.04385 3.4795
0.319962 3.1173 3.41122
0.322039 3.18053 3.3415
0.324144 3.23713 3.27237
0.326277 3.28726 3.20351
0.328438 3.331 3.13456
0.330627 3.36906 3.06611
0.332846 3.40135 2.99878
0.335095 3.42679 2.93323
0.337375 3.44692 2.87053
0.339685 3.46285 2.81149
0.342028 3.47498 2.75645
0.344403 3.48463 2.70468
0.346812 3.49357 2.65497
0.349254 3.50114 2.60721
0.351731 3.50709 2.56135
0.354243 3.511 2.51763
0.356792 3.51327 2.47663
0.359377 3.51442 2.43885
0.362001 3.51644 2.40358
0.364662 3.51975 2.36926
0.367364 3.52436 2.33293
0.370105 3.5276 2.29508
0.372888 3.52764 2.25624
0.375713 3.52432 2.21815
0.378581 3.51749 2.18205
0.381493 3.50695 2.14929
0.38445 3.49477 2.11969
0.387454 3.48171 2.09296
0.390505 3.46694 2.06764
0.393604 3.45117 2.04548
0.396753 3.43519 2.02834
0.399952 3.41896 2.0152
0.403204 3.40311 2.00558
0.406509 3.38891 1.99895
0.409868 3.37648 1.99519
0.413284 3.366 1.99398
0.416757 3.35747 1.99434
0.420289 3.3507 1.99612
0.423881 3.34532 1.99941
0.427535 3.34178 2.00426
0.431253 3.34014 2.01057
0.435036 3.33993 2.018
0.438886 3.34141 2.02657
0.442804 3.34487 2.03633
0.446793 3.34981 2.04644
0.450855 3.35637 2.05708
0.454991 3.3653 2.0695
0.459204 3.37649 2.08297
0.463496 3.38995 2.09707
0.467869 3.40599 2.11241
0.472325 3.42483 2.12866
0.476866 3.44676 2.14511
0.481496 3.47156 2.16209
0.486216 3.49955 2.18001
0.49103 3.53171 2.20024
0.495941 3.5696 2.22137
0.50095 3.61488 2.24175
0.506062 3.66938 2.26316
0.511279 3.73625 2.28093
0.516605 3.82408 2.28615
0.522043 3.91939 2.26509
0.527597 4.00938 2.21026
0.53327 4.07333 2.13756
0.539066 4.11085 2.05969
0.54499 4.12856 1.99257
0.551045 4.13504 1.93509
0.557237 4.13622 1.88807
0.563569 4.13536 1.85046
0.570047 4.1337 1.82084
0.576675 4.13217 1.79771
0.58346 4.13276 1.78084
0.590406 4.13647 1.76979
0.597519 4.1434 1.76413
0.604806 4.15451 1.76299
0.612272 4.1708 1.76585
0.619926 4.19339 1.7737
0.627773 4.2248 1.78742
0.635821 4.26593 1.80821
0.644079 4.33258 1.84241
0.652554 4.43691 1.87664
0.661254 4.61029 1.85381
0.67019 4.78515 1.75782
0.679371 4.88136 1.57749
0.688807 4.91143 1.39757
0.698508 4.88906 1.24744
0.708487 4.85007 1.1258
0.718755 4.80216 1.02796
0.729325 4.75284 0.94952
0.74021 4.70372 0.883037
0.751425 4.65625 0.827206
0.762986 4.61148 0.784127
0.774907 4.56797 0.748764
0.787207 4.52562 0.717844
0.799904 4.48596 0.68863
0.813018 4.4502 0.66221
0.826568 4.41955 0.640349
0.840577 4.40039 0.602316
0.85507 4.39326 0.544407
0.870071 4.39599 0.47142
0.885608 4.39638 0.406989
0.90171 4.38549 0.368346
0.918409 4.36934 0.343323
0.935737 4.34984 0.327899
0.953732 4.32864 0.318256
0.972433 4.30659 0.313909
0.991881 4.28443 0.313621
1.01212 4.26214 0.315821
1.03321 4.24015 0.319566
1.05519 4.21892 0.324012
1.07813 4.19963 0.327638
1.10209 4.18287 0.329047
1.12714 4.1686 0.326717
1.15335 4.15759 0.319813
1.18081 4.15054 0.307383
1.20961 4.14785 0.287911
1.23985 4.15 0.26
