nk
0.190746 2.4797 
SOPRA N&K Database
121
0.190746 0.95 1.54
0.192225 0.943125 1.5675
0.193727 0.94 1.59
0.195252 0.939375 1.61
0.196802 0.94 1.63
0.198376 0.94 1.65437
0.199976 0.94 1.68
0.201602 0.939375 1.705
0.203254 0.94 1.73
0.204934 0.94375 1.75562
0.206642 0.95 1.78
0.208378 0.96125 1.80062
0.210144 0.97 1.82
0.21194 0.965625 1.83875
0.213768 0.96 1.86
0.215626 0.96375 1.88875
0.217518 0.97 1.92
0.219443 0.975 1.95063
0.221402 0.98 1.98
0.223397 0.985 2.005
0.225428 0.99 2.03
0.227496 0.994375 2.05938
0.229602 1 2.09
0.231748 1.00937 2.11937
0.233934 1.02 2.15
0.236162 1.02937 2.18438
0.238433 1.04 2.22
0.240748 1.05438 2.25563
0.243108 1.07 2.29
0.245515 1.085 2.32
0.24797 1.1 2.35
0.250475 1.11375 2.38437
0.253031 1.13 2.42
0.25564 1.15312 2.455
0.258302 1.18 2.49
0.261021 1.20875 2.52687
0.263798 1.24 2.56
0.266635 1.275 2.58125
0.269533 1.31 2.6
0.272495 1.33937 2.62562
0.275523 1.37 2.65
0.278618 1.41 2.66688
0.281785 1.45 2.68
0.285023 1.48063 2.69125
0.288338 1.51 2.7
0.29173 1.54625 2.70688
0.295203 1.58 2.71
0.298759 1.60312 2.70688
0.302403 1.62 2.7
0.306136 1.6325 2.69
0.309963 1.64 2.68
0.313887 1.64312 2.6725
0.317911 1.64 2.67
0.322039 1.6275 2.6775
0.326277 1.61 2.69
0.330627 1.59125 2.70063
0.335095 1.57 2.72
0.339685 1.54375 2.75937
0.344403 1.52 2.81
0.349254 1.505 2.86813
0.354243 1.5 2.93
0.359377 1.51125 2.99125
0.364662 1.53 3.05
0.370105 1.54875 3.10062
0.375713 1.57 3.15
0.381493 1.59375 3.20562
0.387454 1.62 3.26
0.393604 1.65 3.30687
0.399952 1.68 3.35
0.406509 1.70625 3.39062
0.413284 1.73 3.43
0.420289 1.75063 3.46875
0.427535 1.77 3.51
0.435036 1.79 3.5575
0.442804 1.81 3.61
0.450855 1.82875 3.66812
0.459204 1.85 3.73
0.467869 1.87813 3.79375
0.476866 1.91 3.86
0.486216 1.94312 3.92937
0.495941 1.98 4
0.506062 2.0225 4.07125
0.516605 2.07 4.14
0.527597 2.12375 4.20125
0.539066 2.18 4.26
0.551045 2.235 4.32125
0.563569 2.29 4.38
0.576675 2.34563 4.43187
0.590406 2.4 4.48
0.604806 2.4525 4.52438
0.619926 2.5 4.57
0.635821 2.53688 4.6225
0.652554 2.57 4.68
0.67019 2.60625 4.745
0.688807 2.64 4.81
0.708487 2.67 4.86313
0.729325 2.69 4.92
0.751425 2.69 4.9875
0.774907 2.68 5.08
0.799904 2.66 5.22312
0.826568 2.65 5.39
0.85507 2.675 5.56375
0.885608 2.72 5.74
0.918409 2.7825 5.90562
0.953732 2.85 6.07
0.991881 2.90813 6.23375
1.03321 2.96 6.41
1.07813 3 6.61688
1.12714 3.04 6.84
1.18081 3.0975 7.06625
1.23985 3.15 7.31
1.30511 3.18 7.57875
1.37761 3.19 7.88
1.45865 3.18063 8.2075
1.54981 3.14 8.61
1.65314 3.04062 9.12688
1.77122 2.93 9.78
1.90746 2.835 10.6069
2.06642 2.79 11.6
2.25428 2.8275 12.7631
2.4797 2.98 14.1
