nk
0.225428 2.06642 
SOPRA N&K Database
50
0.225428 1.922 1.974
0.229602 1.948 2.047
0.233934 1.965 2.05
0.238433 1.996 2.048
0.243108 2.024 2.044
0.24797 2.056 2.043
0.253031 2.085 2.041
0.258302 2.108 2.042
0.263798 2.139 2.056
0.269533 2.169 2.059
0.275523 2.196 2.071
0.281785 2.227 2.081
0.288338 2.259 2.099
0.295203 2.303 2.117
0.302403 2.336 2.134
0.309963 2.382 2.15
0.317911 2.42 2.166
0.326277 2.469 2.184
0.335095 2.523 2.205
0.344403 2.581 2.226
0.354243 2.664 2.269
0.364662 2.752 2.272
0.375713 2.792 2.278
0.387454 2.855 2.286
0.399952 2.964 2.303
0.413284 3.064 2.304
0.427535 3.151 2.282
0.442804 3.236 2.234
0.459204 3.377 2.193
0.476866 3.424 2.125
0.495941 3.476 2.063
0.516605 3.529 2.002
0.539066 3.554 1.938
0.563569 3.573 1.88
0.590406 3.58 1.846
0.619926 3.581 1.813
0.652554 3.574 1.78
0.688807 3.558 1.775
0.729325 3.564 1.782
0.774907 3.551 1.824
0.826568 3.564 1.892
0.885608 3.641 2.006
0.953732 3.717 2.076
1.03321 3.764 2.092
1.12714 3.81 2.109
1.23985 3.843 2.142
1.37761 3.902 2.172
1.54981 3.912 2.263
1.77122 3.938 2.267
2.06642 3.939 2.675
