nk
0.151201 0.302403 
SOPRA N&K Database
42
0.151201 1.191 1.744
0.153068 1.197 1.768
0.154981 1.207 1.796
0.156943 1.221 1.825
0.158955 1.239 1.853
0.16102 1.26 1.881
0.163138 1.282 1.908
0.165314 1.307 1.933
0.167548 1.333 1.955
0.169843 1.361 1.975
0.172202 1.392 1.995
0.174627 1.424 2.013
0.177122 1.459 2.027
0.179689 1.495 2.037
0.182331 1.531 2.046
0.185053 1.568 2.053
0.187856 1.604 2.057
0.190746 1.641 2.058
0.193727 1.676 2.059
0.196802 1.71 2.062
0.199976 1.745 2.066
0.203254 1.78 2.068
0.206642 1.817 2.067
0.210144 1.855 2.063
0.213768 1.896 2.06
0.217518 1.94 2.057
0.221402 1.987 2.05
0.225428 2.035 2.038
0.229602 2.084 2.022
0.233934 2.136 2.006
0.238433 2.189 1.99
0.243108 2.24 1.975
0.24797 2.285 1.964
0.253031 2.317 1.955
0.258302 2.342 1.947
0.263798 2.365 1.939
0.269533 2.386 1.932
0.275523 2.401 1.925
0.281785 2.41 1.921
0.288338 2.413 1.918
0.295203 2.41 1.917
0.302403 2.402 1.919
