nk
0.25 0.85 
SOPRA N&K Database
61
0.25 2.35046 0.211338
0.26 2.35517 0.180126
0.27 2.35131 0.15441
0.28 2.34143 0.133172
0.29 2.32737 0.115602
0.3 2.31048 0.101055
0.31 2.29177 0.0890097
0.32 2.27196 0.0790464
0.33 2.25158 0.0708214
0.34 2.23102 0.064054
0.35 2.21058 0.0585125
0.36 2.19044 0.0540055
0.37 2.17075 0.0503737
0.38 2.15162 0.0474842
0.39 2.13309 0.0452253
0.4 2.11522 0.0435035
0.41 2.09802 0.0422396
0.42 2.0815 0.0413664
0.43 2.06566 0.0408271
0.44 2.05049 0.0405731
0.45 2.03596 0.040563
0.46 2.02207 0.0407613
0.47 2.00879 0.0411376
0.48 1.99609 0.0416657
0.49 1.98395 0.0423231
0.5 1.97235 0.0430902
0.51 1.96126 0.0439503
0.52 1.95066 0.0448889
0.53 1.94052 0.0458932
0.54 1.93083 0.0469524
0.55 1.92156 0.048057
0.56 1.91268 0.0491986
0.57 1.90419 0.0503701
0.58 1.89606 0.0515653
0.59 1.88827 0.0527787
0.6 1.88081 0.0540057
0.61 1.87366 0.055242
0.62 1.8668 0.0564841
0.63 1.86021 0.0577289
0.64 1.8539 0.0589736
0.65 1.84783 0.0602161
0.66 1.84201 0.0614542
0.67 1.83641 0.0626861
0.68 1.83103 0.0639105
0.69 1.82586 0.0651259
0.7 1.82088 0.0663314
0.71 1.81609 0.0675258
0.72 1.81148 0.0687086
0.73 1.80703 0.0698789
0.74 1.80275 0.0710362
0.75 1.79863 0.0721801
0.76 1.79465 0.0733103
0.77 1.79081 0.0744263
0.78 1.7871 0.075528
0.79 1.78353 0.0766152
0.8 1.78008 0.0776878
0.81 1.77674 0.0787458
0.82 1.77351 0.0797891
0.83 1.7704 0.0808177
0.84 1.76738 0.0818316
0.85 1.76447 0.0828309
