nk
0.206642 2.4797 
SOPRA N&K Database
111
0.206642 1.69512 0
0.208378 1.684 0
0.210144 1.6747 0
0.21194 1.66697 0
0.213768 1.66053 0
0.215626 1.65512 0
0.217518 1.65054 0
0.219443 1.64616 0
0.221402 1.64146 0
0.223397 1.63671 0
0.225428 1.63198 0
0.227496 1.62743 0
0.229602 1.62303 0
0.231748 1.61878 0
0.233934 1.61466 0
0.236162 1.61068 0
0.238433 1.60682 0
0.240748 1.60307 0
0.243108 1.59943 0
0.245515 1.59589 0
0.24797 1.59246 0
0.250475 1.58912 0
0.253031 1.58587 0
0.25564 1.5827 0
0.258302 1.57961 0
0.261021 1.57663 0
0.263798 1.57373 0
0.266635 1.5709 0
0.269533 1.56815 0
0.272495 1.56547 0
0.275523 1.56286 0
0.278618 1.56031 0
0.281785 1.55784 0
0.285023 1.55542 0
0.288338 1.55306 0
0.29173 1.55076 0
0.295203 1.54851 0
0.298759 1.54631 0
0.302403 1.54418 0
0.306136 1.54211 0
0.309963 1.54009 0
0.313887 1.53811 0
0.317911 1.53617 0
0.322039 1.53428 0
0.326277 1.53242 0
0.330627 1.53062 0
0.335095 1.52886 0
0.339685 1.52716 0
0.344403 1.52549 0
0.349254 1.52384 0
0.354243 1.52212 0
0.359377 1.5205 0
0.364662 1.51915 0
0.370105 1.51774 0
0.375713 1.51622 0
0.381493 1.51477 0
0.387454 1.5134 0
0.393604 1.51204 0
0.399952 1.51072 0
0.406509 1.50944 0
0.413284 1.50818 0
0.420289 1.50696 0
0.427535 1.50577 0
0.435036 1.50459 0
0.442804 1.50341 0
0.450855 1.50228 0
0.459204 1.50125 0
0.467869 1.50047 0
0.476866 1.49954 0
0.486216 1.49815 0
0.495941 1.49701 0
0.506062 1.4962 0
0.516605 1.49531 0
0.527597 1.49439 0
0.539066 1.49351 0
0.551045 1.49265 0
0.563569 1.49181 0
0.576675 1.491 0
0.590406 1.49021 0
0.604806 1.48944 0
0.619926 1.48869 0
0.635821 1.48797 0
0.652554 1.48727 0
0.67019 1.48658 0
0.688807 1.48592 0
0.708487 1.48528 0
0.729325 1.48466 0
0.751425 1.48406 0
0.774907 1.48348 0
0.799904 1.48291 0
0.826568 1.48237 0
0.85507 1.48185 0
0.885608 1.48134 0
0.918409 1.48084 0
0.953732 1.48037 0
0.991881 1.47992 0
1.03321 1.47948 0
1.07813 1.47905 0
1.12714 1.47864 0
1.18081 1.47825 0
1.23985 1.4779 0
1.30511 1.47759 0
1.37761 1.47732 0
1.45865 1.47711 0
1.54981 1.47696 0
1.65314 1.47687 0
1.77122 1.47689 0
1.90746 1.477 0
2.06642 1.47713 0
2.25428 1.47745 0
2.4797 1.47774 0
