nk
0.206642 2.4797 
SOPRA N&K Database
111
0.206642 1.435 0
0.208378 1.43422 0
0.210144 1.43343 0
0.21194 1.43264 0
0.213768 1.43185 0
0.215626 1.43105 0
0.217518 1.43024 0
0.219443 1.42944 0
0.221402 1.42864 0
0.223397 1.42784 0
0.225428 1.42704 0
0.227496 1.42624 0
0.229602 1.42544 0
0.231748 1.42463 0
0.233934 1.42384 0
0.236162 1.42304 0
0.238433 1.42226 0
0.240748 1.42149 0
0.243108 1.42074 0
0.245515 1.42 0
0.24797 1.41929 0
0.250475 1.41859 0
0.253031 1.4179 0
0.25564 1.41724 0
0.258302 1.4166 0
0.261021 1.41597 0
0.263798 1.41536 0
0.266635 1.41476 0
0.269533 1.41417 0
0.272495 1.41359 0
0.275523 1.41301 0
0.278618 1.41243 0
0.281785 1.41186 0
0.285023 1.41128 0
0.288338 1.4107 0
0.29173 1.41013 0
0.295203 1.40956 0
0.298759 1.409 0
0.302403 1.40845 0
0.306136 1.4079 0
0.309963 1.40736 0
0.313887 1.40684 0
0.317911 1.40633 0
0.322039 1.40584 0
0.326277 1.40536 0
0.330627 1.40491 0
0.335095 1.40446 0
0.339685 1.40403 0
0.344403 1.4036 0
0.349254 1.40316 0
0.354243 1.40272 0
0.359377 1.40228 0
0.364662 1.40182 0
0.370105 1.40136 0
0.375713 1.4009 0
0.381493 1.40044 0
0.387454 1.39998 0
0.393604 1.39954 0
0.399952 1.39911 0
0.406509 1.39871 0
0.413284 1.39832 0
0.420289 1.39795 0
0.427535 1.39759 0
0.435036 1.39726 0
0.442804 1.39693 0
0.450855 1.3966 0
0.459204 1.39627 0
0.467869 1.39593 0
0.476866 1.39558 0
0.486216 1.39522 0
0.495941 1.39484 0
0.506062 1.39447 0
0.516605 1.3941 0
0.527597 1.39373 0
0.539066 1.39337 0
0.551045 1.39303 0
0.563569 1.39271 0
0.576675 1.39239 0
0.590406 1.3921 0
0.604806 1.3918 0
0.619926 1.39152 0
0.635821 1.39124 0
0.652554 1.39096 0
0.67019 1.39068 0
0.688807 1.39041 0
0.708487 1.39013 0
0.729325 1.38984 0
0.751425 1.38955 0
0.774907 1.38925 0
0.799904 1.38895 0
0.826568 1.38863 0
0.85507 1.38831 0
0.885608 1.38798 0
0.918409 1.38763 0
0.953732 1.38728 0
0.991881 1.38692 0
1.03321 1.38655 0
1.07813 1.38617 0
1.12714 1.38579 0
1.18081 1.38539 0
1.23985 1.385 0
1.30511 1.38457 0
1.37761 1.38407 0
1.45865 1.38346 0
1.54981 1.38271 0
1.65314 1.38179 0
1.77122 1.38065 0
1.90746 1.37927 0
2.06642 1.37761 0
2.25428 1.37563 0
2.4797 1.37331 0
