nk
0.190746 2.4797 
SOPRA N&K Database
241
0.190746 0.783 2.3
0.191483 0.784383 2.31352
0.192225 0.785813 2.32812
0.192973 0.787336 2.34367
0.193727 0.789 2.36
0.194487 0.790852 2.37695
0.195252 0.792938 2.39438
0.196024 0.795305 2.41211
0.196802 0.798 2.43
0.197586 0.801109 2.4475
0.198376 0.804625 2.465
0.199173 0.808578 2.4825
0.199976 0.813 2.5
0.200786 0.818664 2.5175
0.201602 0.824562 2.535
0.202425 0.83043 2.5525
0.203254 0.836 2.57
0.204091 0.838948 2.58648
0.204934 0.841892 2.60338
0.205785 0.84539 2.62108
0.206642 0.85 2.64
0.207507 0.856281 2.66055
0.208378 0.862125 2.68063
0.209258 0.867656 2.70039
0.210144 0.873 2.72
0.211039 0.878281 2.73961
0.21194 0.883625 2.75937
0.21285 0.889156 2.77945
0.213768 0.895 2.8
0.214693 0.901633 2.82156
0.215626 0.908688 2.84375
0.216568 0.916148 2.86656
0.217518 0.924 2.89
0.218476 0.932187 2.91445
0.219443 0.94075 2.93938
0.220418 0.949688 2.96461
0.221402 0.959 2.99
0.222395 0.96818 3.01461
0.223397 0.977937 3.03938
0.224408 0.988477 3.06445
0.225428 1 3.09
0.226457 1.01357 3.11695
0.227496 1.02819 3.14438
0.228544 1.04371 3.17211
0.229602 1.06 3.2
0.23067 1.07617 3.2275
0.231748 1.09312 3.255
0.232836 1.11102 3.2825
0.233934 1.13 3.31
0.235043 1.15063 3.3375
0.236162 1.1725 3.365
0.237292 1.19562 3.3925
0.238433 1.22 3.42
0.239585 1.24562 3.44828
0.240748 1.2725 3.47625
0.241922 1.30062 3.50359
0.243108 1.33 3.53
0.244306 1.36062 3.55398
0.245515 1.3925 3.57687
0.246737 1.42562 3.59883
0.24797 1.46 3.62
0.249216 1.4968 3.64133
0.250475 1.53438 3.66188
0.251747 1.57227 3.68148
0.253031 1.61 3.7
0.254329 1.64516 3.71649
0.25564 1.68 3.73188
0.256964 1.71484 3.74633
0.258302 1.75 3.76
0.259655 1.78656 3.77383
0.261021 1.82375 3.78688
0.262402 1.86156 3.79898
0.263798 1.9 3.81
0.265209 1.93984 3.81859
0.266635 1.98 3.82625
0.268076 2.02016 3.83328
0.269533 2.06 3.84
0.271006 2.09687 3.84828
0.272495 2.13375 3.85625
0.274 2.17125 3.86359
0.275523 2.21 3.87
0.277062 2.25258 3.87477
0.278618 2.29688 3.87812
0.280193 2.34273 3.87992
0.281785 2.39 3.88
0.283395 2.43969 3.87938
0.285023 2.49 3.87625
0.286671 2.54031 3.87
0.288338 2.59 3.86
0.290024 2.63766 3.84172
0.29173 2.68375 3.82
0.293456 2.72797 3.79578
0.295203 2.77 3.77
0.29697 2.80875 3.74789
0.298759 2.845 3.72438
0.30057 2.87875 3.69867
0.302403 2.91 3.67
0.304258 2.93992 3.63133
0.306136 2.96687 3.59063
0.308038 2.99039 3.54961
0.309963 3.01 3.51
0.311912 3.0225 3.47898
0.313887 3.03125 3.45063
0.315886 3.03688 3.42445
0.317911 3.04 3.4
0.319962 3.04164 3.37445
0.322039 3.04188 3.35062
0.324144 3.04117 3.32898
0.326277 3.04 3.31
0.328438 3.03961 3.29688
0.330627 3.03938 3.28625
0.332846 3.03945 3.2775
0.335095 3.04 3.27
0.337375 3.04195 3.26195
0.339685 3.04438 3.25438
0.342028 3.04711 3.24711
0.344403 3.05 3.24
0.346812 3.05289 3.23211
0.349254 3.05563 3.22438
0.351731 3.05805 3.21695
0.354243 3.06 3.21
0.356792 3.06055 3.20406
0.359377 3.06062 3.19875
0.362001 3.06039 3.19406
0.364662 3.06 3.19
0.367364 3.06039 3.18656
0.370105 3.06062 3.18375
0.372888 3.06055 3.18156
0.375713 3.06 3.18
0.378581 3.05844 3.17789
0.381493 3.05625 3.17687
0.38445 3.05344 3.17742
0.387454 3.05 3.18
0.390505 3.04438 3.18742
0.393604 3.03875 3.19687
0.396753 3.03375 3.20789
0.399952 3.03 3.22
0.403204 3.03086 3.23156
0.406509 3.03313 3.24375
0.409868 3.03633 3.25656
0.413284 3.04 3.27
0.416757 3.04172 3.28328
0.420289 3.04375 3.2975
0.423881 3.04641 3.31297
0.427535 3.05 3.33
0.431253 3.05563 3.35086
0.435036 3.0625 3.37312
0.438886 3.07063 3.39633
0.442804 3.08 3.42
0.446793 3.08984 3.44211
0.450855 3.10125 3.46437
0.454991 3.11453 3.48695
0.459204 3.13 3.51
0.463496 3.14836 3.53367
0.467869 3.16938 3.55812
0.472325 3.1932 3.58351
0.476866 3.22 3.61
0.481496 3.24875 3.64164
0.486216 3.28125 3.67313
0.49103 3.31813 3.70305
0.495941 3.36 3.73
0.50095 3.41375 3.75492
0.506062 3.47125 3.77312
0.511279 3.53063 3.78227
0.516605 3.59 3.78
0.522043 3.65062 3.7507
0.527597 3.70625 3.71062
0.53327 3.75375 3.66274
0.539066 3.79 3.61
0.54499 3.79703 3.55227
0.551045 3.7925 3.49688
0.557237 3.77922 3.44805
0.563569 3.76 3.41
0.570047 3.73961 3.4057
0.576675 3.71813 3.41312
0.58346 3.69758 3.42898
0.590406 3.68 3.45
0.597519 3.67328 3.46625
0.604806 3.67125 3.48375
0.612272 3.67359 3.50188
0.619926 3.68 3.52
0.627773 3.69133 3.53789
0.635821 3.70562 3.55437
0.644079 3.72211 3.56867
0.652554 3.74 3.58
0.661254 3.75852 3.58602
0.67019 3.77687 3.58812
0.679371 3.7943 3.58617
0.688807 3.81 3.58
0.698508 3.82359 3.5675
0.708487 3.83375 3.55125
0.718755 3.83953 3.53187
0.729325 3.84 3.51
0.74021 3.83461 3.48703
0.751425 3.82187 3.4625
0.762986 3.8007 3.43672
0.774907 3.77 3.41
0.787207 3.72477 3.37484
0.799904 3.66938 3.3425
0.813018 3.6043 3.31641
0.826568 3.53 3.3
0.840577 3.44266 3.30414
0.85507 3.34875 3.32187
0.870071 3.25047 3.35367
0.885608 3.15 3.4
0.90171 3.05305 3.46641
0.918409 2.95688 3.54625
0.935737 2.86227 3.63797
0.953732 2.77 3.74
0.972433 2.68281 3.84648
0.991881 2.59875 3.96188
1.01212 2.51781 4.08633
1.03321 2.44 4.22
1.05519 2.36492 4.36539
1.07813 2.29312 4.51938
1.10209 2.22477 4.68117
1.12714 2.16 4.85
1.15335 2.09898 5.02508
1.18081 2.04188 5.20563
1.20961 1.98883 5.39086
1.23985 1.94 5.58
1.27164 1.88643 5.78392
1.30511 1.83239 6.00218
1.34038 1.78216 6.23435
1.37761 1.74 6.48
1.41697 1.71581 6.73883
1.45865 1.68531 7.00969
1.50285 1.64723 7.29211
1.54981 1.62125 7.58375
1.59981 1.59055 7.89513
1.65314 1.53937 8.23649
1.71014 1.503 8.60118
1.77122 1.48 8.99
1.83682 1.44929 9.40807
1.90746 1.41711 9.84313
1.98376 1.38591 10.3019
2.06642 1.35625 10.8269
2.15626 1.33934 11.4307
2.25428 1.345 12.1172
2.36162 1.35848 12.8232
2.4797 1.37 13.5
