nk
0.281785 1.23985 
SOPRA N&K Database
35
0.281785 2.52 3.369
0.288338 2.502 3.446
0.295203 2.576 3.503
0.302403 2.699 3.533
0.309963 2.84 3.533
0.317911 2.98 3.507
0.326277 3.101 3.459
0.335095 3.216 3.398
0.344403 3.301 3.33
0.354243 3.384 3.261
0.364662 3.453 3.199
0.375713 3.522 3.144
0.387454 3.597 3.099
0.399952 3.684 3.062
0.413284 3.786 3.027
0.427535 3.903 2.99
0.442804 4.033 2.943
0.459204 4.17 2.88
0.476866 4.308 2.795
0.495941 4.437 2.686
0.516605 4.55 2.554
0.539066 4.639 2.405
0.563569 4.7 2.249
0.590406 4.734 2.1
0.619926 4.744 1.971
0.652554 4.739 1.893
0.688807 4.732 1.807
0.729325 4.732 1.741
0.774907 4.744 1.69
0.826568 4.765 1.641
0.885608 4.785 1.577
0.953732 4.79 1.487
1.03321 4.787 1.375
1.12714 4.798 1.269
1.23985 4.778 1.152
