nk
0.281785 1.23985 
SOPRA N&K Database
35
0.281785 2.557 3.169
0.288338 2.282 3.059
0.295203 2.248 3.016
0.302403 2.254 3.016
0.309963 2.278 3.041
0.317911 2.312 3.079
0.326277 2.355 3.122
0.335095 2.401 3.164
0.344403 2.468 3.206
0.354243 2.54 3.247
0.364662 2.626 3.292
0.375713 2.727 3.343
0.387454 2.848 3.402
0.399952 2.991 3.469
0.413284 3.161 3.541
0.427535 3.358 3.567
0.442804 3.583 3.584
0.459204 3.825 3.565
0.476866 4.071 3.499
0.495941 4.298 3.389
0.516605 4.485 3.249
0.539066 4.621 3.091
0.563569 4.707 2.932
0.590406 4.755 2.781
0.619926 4.781 2.647
0.652554 4.8 2.533
0.688807 4.822 2.437
0.729325 4.854 2.353
0.774907 4.898 2.275
0.826568 4.953 2.195
0.885608 5.016 2.104
0.953732 5.082 2
1.03321 5.145 1.881
1.12714 5.192 1.755
1.23985 5.212 1.634
