nk
0.206642 24.797 
SOPRA N&K Database
120
0.206642 1.4 3.2
0.208378 1.51925 3.11356
0.210144 1.655 2.996
0.21194 1.77875 2.87444
0.213768 1.862 2.776
0.215626 1.83963 2.75287
0.217518 1.793 2.757
0.219443 1.79319 2.75488
0.221402 1.806 2.755
0.223397 1.82019 2.75475
0.225428 1.838 2.754
0.227496 1.85831 2.75175
0.229602 1.88 2.748
0.231748 1.90194 2.74194
0.233934 1.923 2.735
0.236162 1.941 2.72844
0.238433 1.958 2.722
0.240748 1.97575 2.71594
0.243108 1.993 2.71
0.245515 2.00906 2.70394
0.24797 2.024 2.698
0.250475 2.03775 2.69219
0.253031 2.05 2.687
0.25564 2.06013 2.68288
0.258302 2.069 2.68
0.261021 2.0775 2.67844
0.263798 2.085 2.679
0.266635 2.09063 2.68256
0.269533 2.096 2.689
0.272495 2.10237 2.69875
0.275523 2.11 2.711
0.278618 2.11956 2.72494
0.281785 2.131 2.741
0.285023 2.14444 2.75988
0.288338 2.16 2.78
0.29173 2.17744 2.80025
0.295203 2.198 2.82
0.298759 2.22469 2.83775
0.302403 2.252 2.855
0.306136 2.273 2.87256
0.309963 2.295 2.891
0.313887 2.32512 2.91213
0.317911 2.357 2.933
0.322039 2.38463 2.94931
0.326277 2.414 2.967
0.330627 2.44956 2.99394
0.335095 2.49 3.02
0.339685 2.53737 3.036
0.344403 2.586 3.047
0.349254 2.6295 3.05431
0.354243 2.672 3.06
0.359377 2.71581 3.06787
0.364662 2.76 3.074
0.370105 2.80556 3.07512
0.375713 2.849 3.073
0.381493 2.88625 3.067
0.387454 2.92 3.061
0.393604 2.95206 3.0585
0.399952 2.981 3.06
0.406509 3.00431 3.06819
0.413284 3.027 3.08
0.420289 3.05306 3.09306
0.427535 3.083 3.108
0.435036 3.12006 3.12462
0.442804 3.16 3.143
0.450855 3.19794 3.16188
0.459204 3.239 3.185
0.467869 3.28538 3.218
0.476866 3.341 3.254
0.486216 3.41169 3.2895
0.495941 3.494 3.32
0.506062 3.588 3.34019
0.516605 3.689 3.349
0.527597 3.79325 3.34356
0.539066 3.898 3.324
0.551045 4.00106 3.28769
0.563569 4.097 3.24
0.576675 4.17812 3.18538
0.590406 4.249 3.124
0.604806 4.31206 3.05431
0.619926 4.366 2.986
0.635821 4.40888 2.93175
0.652554 4.445 2.881
0.67019 4.47825 2.82613
0.688807 4.508 2.771
0.708487 4.53706 2.71631
0.729325 4.559 2.664
0.751425 4.56419 2.61644
0.774907 4.565 2.573
0.799904 4.57375 2.53512
0.826568 4.581 2.499
0.85507 4.58256 2.45956
0.885608 4.575 2.422
0.918409 4.55169 2.38837
0.953732 4.518 2.363
0.991881 4.47669 2.35025
1.03321 4.429 2.352
1.07813 4.37594 2.37225
1.12714 4.321 2.409
1.18081 4.26994 2.46556
1.23985 4.217 2.53
1.30511 4.16556 2.58338
1.37761 4.094 2.65
1.45865 3.97556 2.73181
1.54981 3.829 2.877
1.65314 3.63937 3.14237
1.77122 3.481 3.504
1.90746 3.44006 3.96625
2.06642 3.466 4.501
2.25428 3.512 5.07331
2.4797 3.653 5.708
2.75523 3.96981 6.417
3.09963 4.398 7.204
3.54243 4.93337 8.027
4.13284 5.476 9.035
4.95941 5.8275 10.2449
6.19926 6.279 12.011
8.26568 6.99925 14.6031
12.3985 8.157 18.291
24.797 15.46 37.682
