nk
0.206642 24.797 
SOPRA N&K Database
120
0.206642 0.976 2.693
0.208378 1.057 2.65069
0.210144 1.158 2.614
0.21194 1.25875 2.57756
0.213768 1.339 2.536
0.215626 1.36056 2.47194
0.217518 1.357 2.416
0.219443 1.34787 2.40181
0.221402 1.337 2.403
0.223397 1.33656 2.40306
0.225428 1.341 2.406
0.227496 1.34937 2.41044
0.229602 1.36 2.416
0.231748 1.37062 2.4215
0.233934 1.382 2.428
0.236162 1.394 2.43644
0.238433 1.407 2.446
0.240748 1.42144 2.45625
0.243108 1.437 2.467
0.245515 1.45356 2.47794
0.24797 1.471 2.489
0.250475 1.48944 2.5
0.253031 1.508 2.511
0.25564 1.52531 2.52106
0.258302 1.543 2.533
0.261021 1.56175 2.55131
0.263798 1.583 2.57
0.266635 1.61013 2.58325
0.269533 1.638 2.595
0.272495 1.661 2.607
0.275523 1.684 2.62
0.278618 1.71037 2.63587
0.281785 1.739 2.653
0.285023 1.76956 2.67112
0.288338 1.803 2.688
0.29173 1.841 2.70087
0.295203 1.881 2.711
0.298759 1.92075 2.71913
0.302403 1.961 2.724
0.306136 2.00325 2.72431
0.309963 2.043 2.721
0.313887 2.07481 2.71263
0.317911 2.103 2.705
0.322039 2.12962 2.70525
0.326277 2.156 2.708
0.330627 2.18494 2.7105
0.335095 2.214 2.712
0.339685 2.24131 2.70881
0.344403 2.268 2.707
0.349254 2.29425 2.71394
0.354243 2.321 2.722
0.359377 2.34931 2.72412
0.364662 2.379 2.726
0.370105 2.41087 2.73275
0.375713 2.443 2.739
0.381493 2.47388 2.73906
0.387454 2.503 2.739
0.393604 2.52806 2.7435
0.399952 2.553 2.751
0.406509 2.582 2.76275
0.413284 2.612 2.775
0.420289 2.63994 2.78319
0.427535 2.67 2.791
0.435036 2.70656 2.80125
0.442804 2.746 2.812
0.450855 2.78569 2.82206
0.459204 2.827 2.832
0.467869 2.87038 2.84194
0.476866 2.916 2.852
0.486216 2.96381 2.86325
0.495941 3.015 2.873
0.506062 3.07194 2.87862
0.516605 3.131 2.881
0.527597 3.18875 2.88013
0.539066 3.247 2.876
0.551045 3.30694 2.86844
0.563569 3.367 2.858
0.576675 3.42488 2.84631
0.590406 3.484 2.83
0.604806 3.55119 2.80463
0.619926 3.614 2.775
0.635821 3.65888 2.74337
0.652554 3.696 2.713
0.67019 3.73081 2.68775
0.688807 3.764 2.668
0.708487 3.79544 2.65713
0.729325 3.833 2.65
0.751425 3.887 2.64606
0.774907 3.95 2.635
0.799904 4.02163 2.60594
0.826568 4.091 2.56
0.85507 4.15 2.49087
0.885608 4.19 2.41
0.918409 4.19644 2.32256
0.953732 4.179 2.241
0.991881 4.13919 2.18269
1.03321 4.087 2.138
1.07813 4.04356 2.10406
1.12714 3.977 2.078
1.18081 3.849 2.04075
1.23985 3.7 2.038
1.30511 3.55888 2.12138
1.37761 3.422 2.254
1.45865 3.29656 2.41081
1.54981 3.179 2.608
1.65314 3.06506 2.85625
1.77122 2.964 3.147
1.90746 2.89219 3.458
2.06642 2.824 3.841
2.25428 2.709 4.34094
2.4797 2.638 4.956
2.75523 2.70394 5.67175
3.09963 2.85 6.571
3.54243 3.03175 7.71731
4.13284 3.305 9.154
4.95941 3.69 10.8374
6.19926 4.249 13.092
8.26568 5.03375 16.1504
12.3985 6.096 20.245
24.797 10.531 43.526
