nk
0.190746 2.4797 
SOPRA N&K Database
121
0.190746 1.01313 1.42687
0.192225 1.01211 1.44274
0.193727 1.01 1.46
0.195252 1.00727 1.47852
0.196802 1.00438 1.49812
0.198376 1.0018 1.51867
0.199976 1 1.54
0.201602 1.00146 1.56438
0.203254 1.00383 1.58825
0.204934 1.00679 1.6105
0.206642 1.01 1.63
0.208378 1.01313 1.64562
0.210144 1.02 1.67
0.21194 1.02937 1.69938
0.213768 1.04 1.73
0.215626 1.04937 1.75562
0.217518 1.06 1.78
0.219443 1.07438 1.805
0.221402 1.09 1.83
0.223397 1.10438 1.85438
0.225428 1.12 1.88
0.227496 1.13875 1.91
0.229602 1.16 1.94
0.231748 1.18375 1.96562
0.233934 1.21 1.99
0.236162 1.23937 2.01625
0.238433 1.27 2.04
0.240748 1.29937 2.05625
0.243108 1.33 2.07
0.245515 1.36437 2.08625
0.24797 1.4 2.1
0.250475 1.43562 2.10688
0.253031 1.47 2.11
0.25564 1.50063 2.11125
0.258302 1.53 2.11
0.261021 1.56125 2.10562
0.263798 1.59 2.1
0.266635 1.61125 2.09563
0.269533 1.63 2.09
0.272495 1.65 2.08
0.275523 1.67 2.07
0.278618 1.69125 2.06562
0.281785 1.71 2.06
0.285023 1.72188 2.04562
0.288338 1.73 2.03
0.29173 1.73625 2.01875
0.295203 1.74 2.01
0.298759 1.74125 2.005
0.302403 1.74 2
0.306136 1.73562 1.98937
0.309963 1.73 1.98
0.313887 1.72625 1.97812
0.317911 1.72 1.98
0.322039 1.70625 1.98313
0.326277 1.69 1.99
0.330627 1.67437 2.0025
0.335095 1.66 2.02
0.339685 1.64875 2.04438
0.344403 1.64 2.07
0.349254 1.63437 2.08937
0.354243 1.63 2.11
0.359377 1.625 2.13875
0.364662 1.62 2.17
0.370105 1.61437 2.19937
0.375713 1.61 2.23
0.381493 1.60938 2.265
0.387454 1.61 2.3
0.393604 1.61 2.32938
0.399952 1.61 2.36
0.406509 1.60938 2.39875
0.413284 1.61 2.44
0.420289 1.61437 2.47938
0.427535 1.62 2.52
0.435036 1.625 2.56375
0.442804 1.63 2.61
0.450855 1.635 2.65937
0.459204 1.64 2.71
0.467869 1.64437 2.75875
0.476866 1.65 2.81
0.486216 1.65813 2.86813
0.495941 1.67 2.93
0.506062 1.68875 2.99437
0.516605 1.71 3.06
0.527597 1.72938 3.12438
0.539066 1.75 3.19
0.551045 1.77438 3.25875
0.563569 1.8 3.33
0.576675 1.82375 3.40313
0.590406 1.85 3.48
0.604806 1.88187 3.56375
0.619926 1.92 3.65
0.635821 1.96687 3.73375
0.652554 2.02 3.82
0.67019 2.0775 3.915
0.688807 2.14 4.01
0.708487 2.20812 4.09875
0.729325 2.28 4.18
0.751425 2.3575 4.24563
0.774907 2.43 4.31
0.799904 2.48188 4.38812
0.826568 2.53 4.47
0.85507 2.59063 4.54625
0.885608 2.65 4.63
0.918409 2.69563 4.73438
0.953732 2.74 4.85
0.991881 2.79312 4.97125
1.03321 2.85 5.1
1.07813 2.91125 5.23313
1.12714 2.97 5.38
1.18081 3.02125 5.54688
1.23985 3.06 5.74
1.30511 3.11 5.98
1.37761 3.18 6.23
1.45865 3.27 6.51
1.54981 3.38 6.82
1.65314 3.49 7.13
1.77122 3.59 7.48
1.90746 3.69 7.92
2.06642 3.84 8.35
2.25428 3.9 8.92
2.4797 4.03 9.64
