nk
0.213768 12.3985 
SOPRA N&K Database
58
0.213768 1.167 1.632
0.217518 1.191 1.659
0.221402 1.221 1.692
0.225428 1.251 1.724
0.229602 1.282 1.756
0.233934 1.313 1.79
0.238433 1.347 1.824
0.243108 1.383 1.861
0.24797 1.425 1.9
0.253031 1.476 1.939
0.258302 1.536 1.971
0.263798 1.601 1.992
0.269533 1.664 2.004
0.275523 1.725 2.01
0.281785 1.783 2.011
0.288338 1.843 2.005
0.295203 1.896 1.991
0.302403 1.942 1.97
0.309963 1.976 1.95
0.317911 2.009 1.926
0.326277 2.026 1.9
0.335095 2.029 1.876
0.344403 2.007 1.869
0.354243 2.009 1.898
0.364662 2.012 1.914
0.375713 2.02 1.94
0.387454 2.033 1.963
0.399952 2.039 1.986
0.413284 2.04 2.017
0.427535 2.037 2.061
0.442804 2.043 2.125
0.459204 2.067 2.194
0.476866 2.093 2.262
0.495941 2.133 2.332
0.516605 2.168 2.413
0.539066 2.221 2.51
0.563569 2.299 2.616
0.590406 2.431 2.724
0.619926 2.599 2.763
0.652554 2.731 2.75
0.688807 2.85 2.734
0.729325 2.95 2.67
0.774907 2.99 2.588
0.826568 2.973 2.496
0.885608 2.859 2.447
0.953732 2.702 2.42
1.03321 2.388 2.475
1.12714 1.987 2.778
1.23985 1.682 3.344
1.37761 1.568 4.014
1.54981 1.541 4.73
1.77122 1.477 5.535
2.06642 1.325 6.661
2.4797 1.255 8.392
3.09963 1.437 10.832
4.13284 1.947 14.656
6.19926 2.931 21.965
12.3985 5.343 35.835
