nk
0.199976 2.4797 
SOPRA N&K Database
115
0.199976 1.13 1.7
0.201602 1.16076 1.71334
0.203254 1.18373 1.72668
0.204934 1.20002 1.74002
0.206642 1.21076 1.75336
0.208378 1.21709 1.76674
0.210144 1.21995 1.77999
0.21194 1.22025 1.7929
0.213768 1.21967 1.80608
0.215626 1.22017 1.82016
0.217518 1.22349 1.83565
0.219443 1.22968 1.85227
0.221402 1.24061 1.87023
0.223397 1.2572 1.88953
0.225428 1.27757 1.90971
0.227496 1.30006 1.93005
0.229602 1.32342 1.95018
0.231748 1.34722 1.97011
0.233934 1.36966 1.99049
0.236162 1.3903 2.01124
0.238433 1.40981 2.03167
0.240748 1.43138 2.0494
0.243108 1.4551 2.06421
0.245515 1.47919 2.07726
0.24797 1.49901 2.09021
0.250475 1.51356 2.10423
0.253031 1.52337 2.12046
0.25564 1.53031 2.14108
0.258302 1.53513 2.16652
0.261021 1.5383 2.19662
0.263798 1.54 2.23079
0.266635 1.54073 2.26831
0.269533 1.54066 2.30857
0.272495 1.53901 2.35117
0.275523 1.5367 2.39542
0.278618 1.53611 2.43926
0.281785 1.542 2.47822
0.285023 1.55529 2.51222
0.288338 1.57553 2.54506
0.29173 1.60071 2.58437
0.295203 1.62986 2.63258
0.298759 1.65995 2.68603
0.302403 1.68729 2.73797
0.306136 1.71133 2.78546
0.309963 1.73752 2.83218
0.313887 1.77292 2.88346
0.317911 1.82271 2.94219
0.322039 1.88945 3.00975
0.326277 1.97465 3.08612
0.330627 2.07884 3.17084
0.335095 2.20005 3.25086
0.339685 2.33559 3.31462
0.344403 2.48235 3.3503
0.349254 2.63341 3.36748
0.354243 2.78247 3.37429
0.359377 2.92322 3.38042
0.364662 3.05308 3.37935
0.370105 3.17011 3.36576
0.375713 3.27347 3.33402
0.381493 3.36993 3.29111
0.387454 3.46683 3.24405
0.393604 3.571 3.1982
0.399952 3.68179 3.14399
0.406509 3.79762 3.06928
0.413284 3.91475 2.9659
0.420289 4.02506 2.84067
0.427535 4.11587 2.70585
0.435036 4.18034 2.57194
0.442804 4.22226 2.44469
0.450855 4.25437 2.33139
0.459204 4.28347 2.23467
0.467869 4.31003 2.15273
0.476866 4.33035 2.07339
0.486216 4.34335 1.99178
0.495941 4.3495 1.90768
0.506062 4.34906 1.82566
0.516605 4.34282 1.74832
0.527597 4.33204 1.67802
0.539066 4.3199 1.62075
0.551045 4.30808 1.5784
0.563569 4.29754 1.5503
0.576675 4.2872 1.52976
0.590406 4.27903 1.51356
0.604806 4.27818 1.49813
0.619926 4.29795 1.47794
0.635821 4.34264 1.44909
0.652554 4.40717 1.40843
0.67019 4.4708 1.35361
0.688807 4.52613 1.28231
0.708487 4.56901 1.19929
0.729325 4.59969 1.11702
0.751425 4.61389 1.04094
0.774907 4.61209 0.974962
0.799904 4.59754 0.921484
0.826568 4.56934 0.8878
0.85507 4.53401 0.861246
0.885608 4.50051 0.82227
0.918409 4.47767 0.753496
0.953732 4.45939 0.671773
0.991881 4.43738 0.599035
1.03321 4.40582 0.551319
1.07813 4.37087 0.517698
1.12714 4.33819 0.48839
1.18081 4.31014 0.461103
1.23985 4.29127 0.429142
1.30511 4.27976 0.397716
1.37761 4.26416 0.391465
1.45865 4.25391 0.378644
1.54981 4.24477 0.363657
1.65314 4.23665 0.347745
1.77122 4.23456 0.336001
1.90746 4.24 0.318
2.06642 4.24629 0.306921
2.25428 4.25683 0.277446
2.4797 4.29622 0.239628
