nk
0.206642 1.23985 
SOPRA N&K Database
101
0.206642 0.64 0.86
0.208378 0.6343 0.868627
0.210144 0.6286 0.87863
0.21194 0.6229 0.889939
0.213768 0.6172 0.902487
0.215626 0.6115 0.916204
0.217518 0.6058 0.931022
0.219443 0.6001 0.946872
0.221402 0.5944 0.963687
0.223397 0.588701 0.981397
0.225428 0.583001 0.999933
0.227496 0.577003 1.01982
0.229602 0.57074 1.04093
0.231748 0.56468 1.06226
0.233934 0.558958 1.08346
0.236162 0.553714 1.10419
0.238433 0.549216 1.12384
0.240748 0.545929 1.14142
0.243108 0.543364 1.15783
0.245515 0.541521 1.17301
0.24797 0.5404 1.18688
0.250475 0.540001 1.19938
0.253031 0.540614 1.20609
0.25564 0.541901 1.21201
0.258302 0.543777 1.21836
0.261021 0.546172 1.22609
0.263798 0.549018 1.23618
0.266635 0.551821 1.25105
0.269533 0.554833 1.27057
0.272495 0.558321 1.2945
0.275523 0.562355 1.32333
0.278618 0.567002 1.35754
0.281785 0.572729 1.40079
0.285023 0.579663 1.45404
0.288338 0.587125 1.51176
0.29173 0.594977 1.5728
0.295203 0.603081 1.63599
0.298759 0.611201 1.69956
0.302403 0.618801 1.75995
0.306136 0.626401 1.81995
0.309963 0.634001 1.87921
0.313887 0.641601 1.93738
0.317911 0.649201 1.99413
0.322039 0.654049 2.04388
0.326277 0.659178 2.09205
0.330627 0.665607 2.14024
0.335095 0.674021 2.1894
0.339685 0.685106 2.2405
0.344403 0.700732 2.29745
0.349254 0.720837 2.35934
0.354243 0.745 2.42437
0.359377 0.773495 2.49248
0.364662 0.806596 2.56358
0.370105 0.84481 2.64074
0.375713 0.888522 2.72541
0.381493 0.937477 2.81034
0.387454 0.99181 2.89361
0.393604 1.05166 2.9733
0.399952 1.11726 3.04672
0.406509 1.18946 3.10656
0.413284 1.26735 3.1588
0.420289 1.35088 3.20309
0.427535 1.43997 3.2391
0.435036 1.53456 3.26648
0.442804 1.63613 3.27996
0.450855 1.74302 3.28427
0.459204 1.85443 3.28132
0.467869 1.9699 3.27208
0.476866 2.08893 3.2575
0.486216 2.2107 3.24
0.495941 2.33488 3.21982
0.506062 2.46141 3.19632
0.516605 2.58995 3.16991
0.527597 2.72014 3.141
0.539066 2.85115 3.11001
0.551045 2.98219 3.07734
0.563569 3.1143 3.04341
0.576675 3.2475 3.00863
0.590406 3.38178 2.9734
0.604806 3.51776 2.93815
0.619926 3.66543 2.90328
0.635821 3.81152 2.86921
0.652554 3.95347 2.83634
0.67019 4.08877 2.80508
0.688807 4.21486 2.77586
0.708487 4.32115 2.77497
0.729325 4.41275 2.77826
0.751425 4.49159 2.7718
0.774907 4.55738 2.74873
0.799904 4.60987 2.7022
0.826568 4.64183 2.58541
0.85507 4.6552 2.40417
0.885608 4.65883 2.20423
0.918409 4.65533 1.99531
0.953732 4.64729 1.78718
0.991881 4.63734 1.58955
1.03321 4.62807 1.41218
1.07813 4.6221 1.26479
1.12714 4.62202 1.15715
1.18081 4.63046 1.09897
1.23985 4.65 1.1
