nk
0.190746 2.4797 
SOPRA N&K Database
121
0.190746 0.86 1.44
0.192225 0.860125 1.45182
0.193727 0.859791 1.46453
0.195252 0.859225 1.47807
0.196802 0.858657 1.4924
0.198376 0.858313 1.50748
0.199976 0.858421 1.52326
0.201602 0.859211 1.53971
0.203254 0.860912 1.55677
0.204934 0.863749 1.57441
0.206642 0.867952 1.59258
0.208378 0.873749 1.61124
0.210144 0.881368 1.63035
0.21194 0.89 1.65
0.213768 0.898834 1.6703
0.215626 0.907061 1.69135
0.217518 0.912512 1.71374
0.219443 0.916037 1.73698
0.221402 0.92 1.76
0.223397 0.927097 1.78116
0.225428 0.935963 1.8018
0.227496 0.947027 1.82264
0.229602 0.959623 1.84356
0.231748 0.972195 1.86403
0.233934 0.983174 1.88377
0.236162 0.994888 1.9027
0.238433 1.00947 1.92044
0.240748 1.02626 1.93714
0.243108 1.04325 1.95311
0.245515 1.05915 1.96847
0.24797 1.07425 1.98379
0.250475 1.08826 1.99984
0.253031 1.10095 2.01653
0.25564 1.11181 2.03349
0.258302 1.12019 2.05072
0.261021 1.1283 2.06695
0.263798 1.13859 2.07995
0.266635 1.15021 2.09125
0.269533 1.16298 2.10223
0.272495 1.17721 2.11389
0.275523 1.18838 2.1271
0.278618 1.18912 2.14409
0.281785 1.18448 2.16351
0.285023 1.1795 2.18393
0.288338 1.17818 2.20413
0.29173 1.17939 2.22554
0.295203 1.1859 2.24958
0.298759 1.19474 2.27483
0.302403 1.20229 2.29904
0.306136 1.20678 2.32157
0.309963 1.20962 2.34507
0.313887 1.21098 2.37229
0.317911 1.21083 2.40175
0.322039 1.20807 2.43224
0.326277 1.20314 2.46309
0.330627 1.20014 2.49389
0.335095 1.20549 2.52305
0.339685 1.21449 2.55208
0.344403 1.22212 2.58282
0.349254 1.22647 2.61589
0.354243 1.23 2.65
0.359377 1.23324 2.68397
0.364662 1.23708 2.71869
0.370105 1.24245 2.75466
0.375713 1.25003 2.79198
0.381493 1.26 2.83
0.387454 1.27459 2.86782
0.393604 1.29049 2.90637
0.399952 1.30458 2.94579
0.406509 1.31625 2.98659
0.413284 1.33 3.03
0.420289 1.34804 3.07691
0.427535 1.36397 3.12211
0.435036 1.37888 3.16687
0.442804 1.39386 3.21241
0.450855 1.41 3.26
0.459204 1.42973 3.31252
0.467869 1.45111 3.36749
0.476866 1.47489 3.42464
0.486216 1.49903 3.48272
0.495941 1.52 3.54
0.506062 1.53517 3.59502
0.516605 1.55892 3.65491
0.527597 1.58759 3.71866
0.539066 1.61755 3.78529
0.551045 1.64347 3.85335
0.563569 1.65859 3.92101
0.576675 1.67326 3.99105
0.590406 1.69668 4.06611
0.604806 1.72649 4.1453
0.619926 1.75427 4.22555
0.635821 1.77385 4.30418
0.652554 1.79234 4.38594
0.67019 1.81308 4.47525
0.688807 1.83747 4.57104
0.708487 1.86661 4.66928
0.729325 1.9024 4.7672
0.751425 1.9418 4.86901
0.774907 1.97432 4.97808
0.799904 2.01408 5.09352
0.826568 2.08212 5.21439
0.85507 2.20054 5.34002
0.885608 2.31126 5.47256
0.918409 2.35016 5.61212
0.953732 2.34957 5.76153
0.991881 2.34816 5.92396
1.03321 2.40011 6.10332
1.07813 2.46617 6.29967
1.12714 2.54022 6.51446
1.18081 2.61612 6.74909
1.23985 2.67911 7.00139
1.30511 2.7293 7.2754
1.37761 2.78708 7.58369
1.45865 2.86072 7.93633
1.54981 2.94951 8.33207
1.65314 3.00119 8.83168
1.77122 3.03807 9.41099
1.90746 3.26161 9.8364
2.06642 3.8 9.96
2.25428 3.94563 10.6369
2.4797 4.1 11.44
