nk
0.177122 12.3985 
SOPRA N&K Database
70
0.177122 1.075 1.115
0.179689 1.072 1.136
0.182331 1.064 1.178
0.185053 1.072 1.228
0.187856 1.095 1.26
0.190746 1.113 1.288
0.193727 1.145 1.323
0.196802 1.172 1.347
0.199976 1.188 1.362
0.203254 1.203 1.378
0.206642 1.219 1.394
0.210144 1.234 1.409
0.213768 1.245 1.43
0.217518 1.255 1.45
0.221402 1.262 1.463
0.225428 1.278 1.497
0.229602 1.291 1.525
0.233934 1.304 1.544
0.238433 1.324 1.573
0.243108 1.332 1.588
0.24797 1.344 1.612
0.253031 1.36 1.644
0.258302 1.364 1.661
0.263798 1.369 1.709
0.269533 1.388 1.721
0.275523 1.394 1.767
0.281785 1.417 1.796
0.288338 1.437 1.827
0.295203 1.443 1.866
0.302403 1.461 1.887
0.309963 1.461 1.929
0.317911 1.473 1.98
0.326277 1.495 2.034
0.335095 1.505 2.08
0.344403 1.519 2.125
0.354243 1.537 2.195
0.364662 1.57 2.274
0.375713 1.606 2.361
0.387454 1.642 2.425
0.399952 1.687 2.509
0.413284 1.749 2.603
0.427535 1.826 2.695
0.442804 1.9 2.771
0.459204 1.978 2.851
0.476866 2.088 2.93
0.495941 2.21 3
0.516605 2.336 3.042
0.539066 2.463 3.061
0.563569 2.567 3.049
0.590406 2.633 3.05
0.619926 2.674 3.072
0.652554 2.725 3.124
0.688807 2.765 3.182
0.729325 2.823 3.264
0.774907 2.877 3.363
0.826568 2.935 3.465
0.885608 3.044 3.591
0.953732 3.091 3.705
1.03321 3.13 3.883
1.12714 3.217 4.099
1.23985 3.331 4.459
1.37761 3.52 4.952
1.54981 3.748 5.141
1.77122 3.944 5.535
2.06642 4.005 6.072
2.4797 4.122 7.019
3.09963 4.53 8.917
4.13284 5.172 11.392
6.19926 6.557 16.442
12.3985 8.954 24.987
