nk
0.206642 2.4797 
SOPRA N&K Database
111
0.206642 1.38 1.4
0.208378 1.37634 1.4172
0.210144 1.37163 1.4344
0.21194 1.36666 1.4516
0.213768 1.36222 1.4688
0.215626 1.35961 1.486
0.217518 1.35942 1.5032
0.219443 1.36 1.5204
0.221402 1.36 1.5376
0.223397 1.36 1.5548
0.225428 1.36 1.572
0.227496 1.36 1.5892
0.229602 1.36 1.6064
0.231748 1.36 1.6236
0.233934 1.36 1.64077
0.236162 1.36 1.6574
0.238433 1.36 1.67487
0.240748 1.36 1.6949
0.243108 1.36 1.7166
0.245515 1.35945 1.7385
0.24797 1.35872 1.76
0.250475 1.36051 1.78145
0.253031 1.36913 1.8024
0.25564 1.37806 1.82419
0.258302 1.38074 1.84859
0.261021 1.38023 1.87461
0.263798 1.38106 1.90109
0.266635 1.38491 1.92724
0.269533 1.39067 1.95213
0.272495 1.39876 1.97413
0.275523 1.40783 1.99516
0.278618 1.41709 2.01601
0.281785 1.42573 2.03746
0.285023 1.43206 2.06093
0.288338 1.4361 2.08666
0.29173 1.44076 2.11292
0.295203 1.44835 2.13818
0.298759 1.45779 2.16434
0.302403 1.47008 2.19268
0.306136 1.48326 2.22302
0.309963 1.49448 2.25648
0.313887 1.50313 2.29177
0.317911 1.511 2.32345
0.322039 1.51856 2.34577
0.326277 1.52793 2.36616
0.330627 1.54377 2.38935
0.335095 1.56152 2.41543
0.339685 1.57519 2.44581
0.344403 1.58384 2.48016
0.349254 1.59128 2.5156
0.354243 1.59937 2.55
0.359377 1.60839 2.5844
0.364662 1.61965 2.6188
0.370105 1.63287 2.6532
0.375713 1.64829 2.6869
0.381493 1.66549 2.72075
0.387454 1.6832 2.75766
0.393604 1.7004 2.80038
0.399952 1.7176 2.84398
0.406509 1.73427 2.88286
0.413284 1.75152 2.92136
0.420289 1.77134 2.96425
0.427535 1.79312 3.0116
0.435036 1.81371 3.05991
0.442804 1.83079 3.1072
0.450855 1.84793 3.1545
0.459204 1.86837 3.20018
0.467869 1.8902 3.24771
0.476866 1.91087 3.302
0.486216 1.93165 3.36233
0.495941 1.95715 3.424
0.506062 1.99057 3.4842
0.516605 2.0266 3.5444
0.527597 2.0612 3.60515
0.539066 2.0956 3.66525
0.551045 2.13 3.72109
0.563569 2.1644 3.77583
0.576675 2.1988 3.83789
0.590406 2.2332 3.9129
0.604806 2.2676 3.99416
0.619926 2.29864 4.07816
0.635821 2.33382 4.16502
0.652554 2.38305 4.25363
0.67019 2.44379 4.34382
0.688807 2.5064 4.43547
0.708487 2.56571 4.52847
0.729325 2.62706 4.62536
0.751425 2.69261 4.72944
0.774907 2.76265 4.8384
0.799904 2.83877 4.95011
0.826568 2.92045 5.06572
0.85507 3.00532 5.18783
0.885608 3.09258 5.31804
0.918409 3.18768 5.45668
0.953732 3.29494 5.60742
0.991881 3.41489 5.76439
1.03321 3.54951 5.92045
1.07813 3.69968 6.07874
1.12714 3.86596 6.24545
1.18081 4.04913 6.42454
1.23985 4.25 6.62
1.30511 4.5 6.77
1.37761 4.77 6.91
1.45865 5.05 6.98
1.54981 5.31 7.04
1.65314 5.57 7.02
1.77122 5.71 6.83
1.90746 5.52 6.66
2.06642 5.13 6.75
2.25428 4.58 7.14
2.4797 3.91 7.71
