nk
0.103321 12.3985 
SOPRA N&K Database
120
0.103321 0.832 1.201
0.104189 0.832 1.201
0.105072 0.832 1.201
0.10597 0.836 1.208
0.106884 0.843 1.221
0.107813 0.851 1.234
0.108759 0.858 1.247
0.109721 0.868 1.267
0.110701 0.872 1.273
0.111698 0.879 1.285
0.112714 0.886 1.298
0.113748 0.893 1.31
0.114801 0.903 1.329
0.115874 0.903 1.34
0.116967 0.903 1.362
0.118081 0.903 1.384
0.119217 0.917 1.407
0.120374 0.937 1.441
0.121554 0.943 1.452
0.122758 0.956 1.474
0.123985 0.969 1.496
0.125238 0.976 1.527
0.126515 0.986 1.572
0.12782 0.992 1.582
0.129151 1.004 1.603
0.130511 1.017 1.623
0.131899 1.032 1.656
0.133317 1.055 1.707
0.134767 1.059 1.718
0.136247 1.068 1.741
0.137761 1.077 1.764
0.139309 1.102 1.796
0.140892 1.139 1.843
0.142512 1.15 1.86
0.144169 1.171 1.895
0.145865 1.192 1.929
0.147601 1.205 1.958
0.14938 1.225 2
0.151201 1.233 2.019
0.153068 1.248 2.058
0.154981 1.264 2.097
0.156943 1.282 2.098
0.158955 1.309 2.101
0.16102 1.315 2.107
0.163138 1.326 2.119
0.165314 1.338 2.131
0.167548 1.398 2.138
0.169843 1.489 2.149
0.172202 1.521 2.167
0.174627 1.586 2.204
0.177122 1.651 2.242
0.179689 1.669 2.264
0.182331 1.697 2.298
0.185053 1.723 2.309
0.187856 1.775 2.331
0.190746 1.827 2.353
0.193727 1.871 2.363
0.196802 1.936 2.376
0.199976 1.956 2.387
0.203254 1.997 2.408
0.206642 2.038 2.429
0.210144 2.075 2.433
0.213768 2.132 2.439
0.217518 2.163 2.441
0.221402 2.223 2.447
0.225428 2.283 2.452
0.229602 2.321 2.447
0.233934 2.377 2.44
0.238433 2.395 2.447
0.243108 2.43 2.461
0.24797 2.465 2.475
0.253031 2.503 2.493
0.258302 2.559 2.52
0.263798 2.583 2.528
0.269533 2.629 2.544
0.275523 2.675 2.561
0.281785 2.738 2.581
0.288338 2.833 2.612
0.295203 2.874 2.613
0.302403 2.957 2.614
0.309963 3.04 2.615
0.317911 3.145 2.635
0.326277 3.302 2.665
0.335095 3.353 2.652
0.344403 3.456 2.626
0.354243 3.558 2.6
0.364662 3.655 2.544
0.375713 3.801 2.46
0.387454 3.84 2.431
0.399952 3.918 2.373
0.413284 3.995 2.315
0.427535 4.077 2.232
0.442804 4.2 2.107
0.459204 4.226 2.074
0.476866 4.279 2.006
0.495941 4.331 1.939
0.516605 4.375 1.848
0.539066 4.442 1.711
0.563569 4.463 1.672
0.590406 4.506 1.594
0.619926 4.55 1.517
0.652554 4.585 1.449
0.688807 4.638 1.347
0.729325 4.645 1.309
0.774907 4.659 1.232
0.826568 4.673 1.156
0.885608 4.69 1.101
0.953732 4.716 1.018
1.03321 4.732 0.998
1.12714 4.766 0.957
1.23985 4.808 0.901
1.37761 4.835 0.853
1.54981 4.881 0.791
1.77122 4.965 0.728
2.06642 5.09 0.637
2.4797 5.192 0.445
3.09963 5.096 0.26
4.13284 4.918 0.127
6.19926 4.552 0.1
12.3985 4.004 0.398
