nk
0.24 0.84 
SOPRA N&K Database
301
0.24 1.5705 3.1774
0.242 1.5638 3.2164
0.244 1.5791 3.265
0.246 1.6008 3.3125
0.248 1.6131 3.3676
0.25 1.6517 3.4267
0.252 1.6721 3.4836
0.254 1.7054 3.5463
0.256 1.7314 3.6101
0.258 1.7658 3.6789
0.26 1.809 3.7497
0.262 1.8461 3.8216
0.264 1.8959 3.895
0.266 1.9481 3.9789
0.268 2.0152 4.0672
0.27 2.0852 4.1561
0.272 2.1698 4.258
0.274 2.2795 4.3559
0.276 2.3936 4.463
0.278 2.5367 4.5667
0.28 2.7387 4.6585
0.282 2.9643 4.723
0.284 3.2115 4.7233
0.286 3.4525 4.6743
0.288 3.6915 4.5697
0.29 3.8659 4.4337
0.292 3.9937 4.2811
0.294 4.0851 4.133
0.296 4.165 3.9882
0.298 4.2013 3.8583
0.3 4.2333 3.7391
0.302 4.26109 3.63241
0.304 4.2741 3.5378
0.306 4.27736 3.45389
0.308 4.2759 3.3793
0.31 4.27719 3.31278
0.312 4.2789 3.2525
0.314 4.28142 3.19549
0.316 4.2841 3.1439
0.318 4.28608 3.10062
0.32 4.2884 3.0604
0.322 4.29269 3.01746
0.324 4.2964 2.9762
0.326 4.29614 2.93964
0.328 4.2961 2.9062
0.33 4.30041 2.8758
0.332 4.3059 2.8469
0.334 4.31098 2.81719
0.336 4.3151 2.7889
0.338 4.31606 2.76426
0.34 4.3172 2.741
0.342 4.32216 2.71704
0.344 4.3279 2.6941
0.346 4.33166 2.67381
0.348 4.3362 2.6543
0.35 4.34424 2.63397
0.352 4.3531 2.6137
0.354 4.36062 2.5936
0.356 4.368 2.5743
0.358 4.3757 2.55694
0.36 4.3838 2.5401
0.362 4.39267 2.52258
0.364 4.4019 2.5048
0.366 4.41086 2.48731
0.368 4.4205 2.4685
0.37 4.43257 2.44607
0.372 4.4441 2.4227
0.374 4.45214 2.40042
0.376 4.4583 2.3788
0.378 4.46267 2.35894
0.38 4.4668 2.3382
0.382 4.47295 2.31304
0.384 4.479 2.2872
0.386 4.48364 2.26388
0.388 4.4867 2.2412
0.39 4.48727 2.21829
0.392 4.4863 2.1954
0.394 4.48485 2.17177
0.396 4.4817 2.1495
0.398 4.47559 2.13105
0.4 4.4677 2.1145
0.402 4.45819 2.09822
0.404 4.4488 2.0838
0.406 4.44186 2.07267
0.408 4.4357 2.0636
0.41 4.42933 2.05583
0.412 4.423 2.0494
0.414 4.41638 2.04381
0.416 4.4103 2.0399
0.418 4.40533 2.03816
0.42 4.402 2.0391
0.422 4.39765 2.04281
0.424 4.39486 2.0465
0.426 4.39357 2.05018
0.428 4.3937 2.05388
0.43 4.3952 2.0576
0.432 4.398 2.06137
0.434 4.40203 2.06521
0.436 4.40724 2.06913
0.438 4.41355 2.07315
0.44 4.4209 2.0773
0.442 4.42923 2.08171
0.444 4.43847 2.08625
0.446 4.44856 2.09091
0.448 4.45942 2.09566
0.45 4.471 2.1005
0.452 4.48256 2.10545
0.454 4.49487 2.11045
0.456 4.50803 2.11547
0.458 4.52214 2.1205
0.46 4.5373 2.1255
0.462 4.55423 2.13053
0.464 4.57226 2.13547
0.466 4.59134 2.14028
0.468 4.6114 2.14494
0.47 4.6324 2.1494
0.472 4.65364 2.1539
0.474 4.67587 2.15805
0.476 4.69919 2.16174
0.478 4.7237 2.16486
0.48 4.7495 2.1673
0.482 4.77719 2.16974
0.484 4.80627 2.17108
0.486 4.83671 2.17103
0.488 4.86849 2.16927
0.49 4.9016 2.1655
0.492 4.93746 2.15841
0.494 4.97426 2.14894
0.496 5.0116 2.13706
0.498 5.0491 2.12269
0.5 5.0864 2.1058
0.502 5.12318 2.08467
0.504 5.15897 2.06132
0.506 5.19337 2.03611
0.508 5.22598 2.00938
0.51 5.2564 1.9815
0.512 5.28103 1.95312
0.514 5.30347 1.92424
0.516 5.32413 1.89513
0.518 5.3434 1.86609
0.52 5.3617 1.8374
0.522 5.37941 1.81167
0.524 5.39694 1.78628
0.526 5.41472 1.76093
0.528 5.43313 1.73534
0.53 5.4526 1.7092
0.532 5.47698 1.68307
0.534 5.50235 1.65559
0.536 5.52827 1.62626
0.538 5.55427 1.59456
0.54 5.5799 1.56
0.542 5.60564 1.51857
0.544 5.62986 1.47412
0.546 5.65187 1.42704
0.548 5.67098 1.37767
0.55 5.6865 1.3264
0.552 5.69437 1.27199
0.554 5.6981 1.2168
0.556 5.69785 1.1616
0.558 5.69377 1.10714
0.56 5.686 1.0542
0.562 5.67311 1.00652
0.564 5.65723 0.961123
0.566 5.6389 0.918045
0.568 5.61868 0.877297
0.57 5.5971 0.8389
0.572 5.57627 0.803286
0.574 5.55479 0.769955
0.576 5.53282 0.738821
0.578 5.5105 0.709797
0.58 5.488 0.6828
0.582 5.46548 0.658078
0.584 5.44308 0.635127
0.586 5.42097 0.613776
0.588 5.39929 0.593857
0.59 5.3782 0.5752
0.592 5.35893 0.557209
0.594 5.34029 0.540247
0.596 5.32216 0.52425
0.598 5.30444 0.509155
0.6 5.287 0.4949
0.602 5.26897 0.481322
0.604 5.25118 0.468481
0.606 5.23372 0.456339
0.608 5.21667 0.444859
0.61 5.2001 0.434
0.612 5.18483 0.423867
0.614 5.17001 0.414243
0.616 5.15554 0.405057
0.618 5.1413 0.396234
0.62 5.1272 0.3877
0.622 5.11231 0.378883
0.624 5.09754 0.370334
0.626 5.08298 0.362102
0.628 5.06874 0.354241
0.63 5.0549 0.3468
0.632 5.04197 0.340369
0.634 5.02955 0.334326
0.636 5.01761 0.32859
0.638 5.00617 0.323075
0.64 4.9952 0.3177
0.642 4.98502 0.311962
0.644 4.97523 0.306301
0.646 4.96575 0.300739
0.648 4.9565 0.295298
0.65 4.9474 0.29
0.652 4.93801 0.285006
0.654 4.92869 0.280163
0.656 4.91944 0.275457
0.658 4.91028 0.270874
0.66 4.9012 0.2664
0.662 4.89242 0.26184
0.664 4.88369 0.257408
0.666 4.87495 0.253136
0.668 4.86617 0.249056
0.67 4.8573 0.2452
0.672 4.84764 0.241958
0.674 4.83795 0.238915
0.676 4.82835 0.236013
0.678 4.81896 0.233194
0.68 4.8099 0.2304
0.682 4.80196 0.227206
0.684 4.79441 0.224015
0.686 4.78718 0.220861
0.688 4.78023 0.217778
0.69 4.7735 0.2148
0.692 4.76689 0.212282
0.694 4.7604 0.209859
0.696 4.75399 0.207485
0.698 4.7476 0.205114
0.7 4.7412 0.2027
0.702 4.73459 0.199728
0.704 4.72791 0.19674
0.706 4.72116 0.193808
0.708 4.71432 0.191004
0.71 4.7074 0.1884
0.712 4.6999 0.186746
0.714 4.69242 0.185267
0.716 4.68506 0.183865
0.718 4.67795 0.182442
0.72 4.6712 0.1809
0.722 4.6658 0.178317
0.724 4.66076 0.175627
0.726 4.65597 0.172938
0.728 4.65132 0.170359
0.73 4.6467 0.168
0.732 4.64141 0.166807
0.734 4.63607 0.165842
0.736 4.63073 0.165002
0.738 4.62543 0.164189
0.74 4.6202 0.1633
0.742 4.61512 0.16173
0.744 4.61018 0.160009
0.746 4.60541 0.158163
0.748 4.60084 0.156218
0.75 4.5965 0.1542
0.752 4.59302 0.151974
0.754 4.58968 0.149765
0.756 4.58636 0.147639
0.758 4.58294 0.145662
0.76 4.5793 0.1439
0.762 4.57452 0.143048
0.764 4.56949 0.142384
0.766 4.56427 0.141816
0.768 4.55894 0.141252
0.77 4.5536 0.1406
0.772 4.54832 0.139253
0.774 4.54317 0.137762
0.776 4.53823 0.136166
0.778 4.53358 0.134499
0.78 4.5293 0.1328
0.782 4.52641 0.131201
0.784 4.5238 0.129618
0.786 4.52132 0.128066
0.788 4.51881 0.126555
0.79 4.5161 0.1251
0.792 4.51147 0.123918
0.794 4.50671 0.122765
0.796 4.50208 0.121603
0.798 4.4978 0.120394
0.8 4.4941 0.1191
0.802 4.49361 0.11708
0.804 4.49357 0.115048
0.806 4.49363 0.113116
0.808 4.49343 0.111396
0.81 4.4926 0.11
0.812 4.48795 0.110109
0.814 4.48265 0.110498
0.816 4.47707 0.111014
0.818 4.47153 0.111499
0.82 4.4664 0.1118
0.822 4.46484 0.110746
0.824 4.46366 0.109451
0.826 4.46252 0.108013
0.828 4.46105 0.10653
0.83 4.4589 0.1051
0.832 4.4557 0.103822
0.834 4.4511 0.102795
0.836 4.44474 0.102117
0.838 4.43626 0.101886
0.84 4.4253 0.1022
