nk
0.24 0.84 
SOPRA N&K Database
301
0.24 1.6241 3.1085
0.242 1.6266 3.1375
0.244 1.6552 3.1891
0.246 1.6754 3.2479
0.248 1.6879 3.2899
0.25 1.7076 3.3529
0.252 1.739 3.4127
0.254 1.7724 3.481
0.256 1.7876 3.5392
0.258 1.829 3.6131
0.26 1.862 3.6801
0.262 1.9158 3.7595
0.264 1.9576 3.8331
0.266 2.0168 3.9204
0.268 2.0812 4.0008
0.27 2.1485 4.0874
0.272 2.233 4.179
0.274 2.3434 4.2782
0.276 2.4566 4.3848
0.278 2.5995 4.4767
0.28 2.773 4.5636
0.282 2.9869 4.619
0.284 3.2148 4.632
0.286 3.4483 4.5956
0.288 3.6849 4.5109
0.29 3.8636 4.3852
0.292 4.0021 4.2485
0.294 4.0984 4.1066
0.296 4.1938 3.9628
0.298 4.2339 3.8358
0.3 4.2733 3.7219
0.302 4.30369 3.61142
0.304 4.3218 3.5146
0.306 4.33068 3.42981
0.308 4.3334 3.3554
0.31 4.33292 3.29047
0.312 4.3326 3.2312
0.314 4.33872 3.17216
0.316 4.3455 3.1173
0.318 4.34812 3.07002
0.32 4.35 3.0266
0.322 4.35366 2.98407
0.324 4.3569 2.9436
0.326 4.35711 2.90508
0.328 4.358 2.8693
0.33 4.36356 2.83785
0.332 4.3704 2.8083
0.334 4.37661 2.77784
0.336 4.3817 2.7492
0.338 4.38328 2.72518
0.34 4.3852 2.7028
0.342 4.3921 2.67952
0.344 4.3993 2.6568
0.346 4.40198 2.63561
0.348 4.4052 2.6149
0.35 4.41354 2.59359
0.352 4.4236 2.5728
0.354 4.43353 2.5536
0.356 4.4433 2.5351
0.358 4.45189 2.51661
0.36 4.4604 2.4986
0.362 4.4697 2.48177
0.364 4.4794 2.4647
0.366 4.48911 2.44604
0.368 4.4997 2.4263
0.37 4.51244 2.40579
0.372 4.5257 2.3838
0.374 4.53895 2.35871
0.376 4.5501 2.3336
0.378 4.55545 2.31211
0.38 4.5593 2.2909
0.382 4.56549 2.26723
0.384 4.5717 2.2429
0.386 4.5772 2.21874
0.388 4.5811 2.1949
0.39 4.58164 2.17211
0.392 4.5807 2.1495
0.394 4.58029 2.12573
0.396 4.5783 2.103
0.398 4.57229 2.08308
0.4 4.5652 2.0659
0.402 4.55964 2.05241
0.404 4.5542 2.0413
0.406 4.54789 2.03156
0.408 4.542 2.0232
0.41 4.53764 2.01586
0.412 4.5343 2.0096
0.414 4.53173 2.00424
0.416 4.5302 2.0002
0.418 4.52984 1.99773
0.42 4.5308 1.9971
0.422 4.53055 2.00022
0.424 4.53179 2.00302
0.426 4.53449 2.00556
0.428 4.53857 2.00787
0.43 4.544 2.01
0.432 4.55072 2.012
0.434 4.55868 2.0139
0.436 4.56783 2.01576
0.438 4.57812 2.01761
0.44 4.5895 2.0195
0.442 4.60161 2.02206
0.444 4.61478 2.02461
0.446 4.62903 2.02703
0.448 4.6444 2.02923
0.45 4.6609 2.0311
0.452 4.6789 2.032
0.454 4.69799 2.0325
0.456 4.71813 2.03264
0.458 4.73925 2.03247
0.46 4.7613 2.032
0.462 4.78337 2.03249
0.464 4.80645 2.03247
0.466 4.83071 2.03165
0.468 4.85627 2.02979
0.47 4.8833 2.0266
0.472 4.91387 2.02135
0.474 4.94572 2.01436
0.476 4.97853 2.00549
0.478 5.01197 1.99458
0.48 5.0457 1.9815
0.482 5.07946 1.96501
0.484 5.11284 1.94631
0.486 5.1455 1.92552
0.488 5.1771 1.90278
0.49 5.2073 1.8782
0.492 5.2337 1.85079
0.494 5.25852 1.82207
0.496 5.28193 1.79244
0.498 5.3041 1.76228
0.5 5.3252 1.732
0.502 5.3449 1.70446
0.504 5.36398 1.67698
0.506 5.38275 1.64935
0.508 5.40149 1.62137
0.51 5.4205 1.5928
0.512 5.44244 1.56421
0.514 5.46464 1.53443
0.516 5.48681 1.50303
0.518 5.50863 1.46963
0.52 5.5298 1.4338
0.522 5.55159 1.39232
0.524 5.57174 1.34831
0.526 5.58957 1.30208
0.528 5.60439 1.25391
0.53 5.6155 1.2041
0.532 5.61816 1.15104
0.534 5.61675 1.09743
0.536 5.6116 1.04403
0.538 5.60305 0.991632
0.54 5.5914 0.941
0.542 5.57677 0.896252
0.544 5.55977 0.853994
0.546 5.54077 0.814171
0.548 5.52015 0.776726
0.55 5.4983 0.7416
0.552 5.47602 0.708836
0.554 5.45317 0.678253
0.556 5.43002 0.649775
0.558 5.40683 0.623317
0.56 5.3839 0.5988
0.562 5.36319 0.576662
0.564 5.34286 0.556173
0.566 5.32275 0.537123
0.568 5.30271 0.519302
0.57 5.2826 0.5025
0.572 5.2606 0.485565
0.574 5.23864 0.469462
0.576 5.21698 0.454218
0.578 5.19588 0.439855
0.58 5.1756 0.4264
0.582 5.15799 0.414529
0.584 5.14133 0.403453
0.586 5.12551 0.393031
0.588 5.11037 0.383126
0.59 5.0958 0.3736
0.592 5.08131 0.363638
0.594 5.0672 0.353947
0.596 5.05344 0.344557
0.598 5.03999 0.335498
0.6 5.0268 0.3268
0.602 5.01359 0.318757
0.604 5.00062 0.311071
0.606 4.98791 0.303706
0.608 4.97546 0.296627
0.61 4.9633 0.2898
0.612 4.95195 0.283109
0.614 4.94079 0.276618
0.616 4.92972 0.270314
0.618 4.91862 0.264179
0.62 4.9074 0.2582
0.622 4.89483 0.25207
0.624 4.88218 0.246137
0.626 4.86964 0.240459
0.628 4.85735 0.235094
0.63 4.8455 0.2301
0.632 4.83538 0.226132
0.634 4.82575 0.2225
0.636 4.81649 0.219112
0.638 4.80748 0.215876
0.64 4.7986 0.2127
0.642 4.78909 0.208993
0.644 4.77964 0.205286
0.646 4.77032 0.201614
0.648 4.76115 0.198007
0.65 4.7522 0.1945
0.652 4.74377 0.191291
0.654 4.73558 0.188206
0.656 4.72762 0.185234
0.658 4.71987 0.182369
0.66 4.7123 0.1796
0.662 4.70496 0.176756
0.664 4.69776 0.174032
0.666 4.69067 0.17146
0.668 4.68366 0.169072
0.67 4.6767 0.1669
0.672 4.66946 0.165389
0.674 4.66228 0.164054
0.676 4.65522 0.162826
0.678 4.64831 0.161631
0.68 4.6416 0.1604
0.682 4.63543 0.158686
0.684 4.62948 0.156887
0.686 4.62373 0.155025
0.688 4.61814 0.153122
0.69 4.6127 0.1512
0.692 4.60734 0.149433
0.694 4.60208 0.147654
0.696 4.59689 0.14585
0.698 4.59177 0.144003
0.7 4.5867 0.1421
0.702 4.58171 0.139981
0.704 4.57672 0.13781
0.706 4.5717 0.13561
0.708 4.5666 0.133399
0.71 4.5614 0.1312
0.712 4.55546 0.129026
0.714 4.54951 0.126907
0.716 4.54365 0.124865
0.718 4.53801 0.122922
0.72 4.5327 0.1211
0.722 4.52858 0.119707
0.724 4.52484 0.11841
0.726 4.52141 0.117158
0.728 4.51822 0.115905
0.73 4.5152 0.1146
0.732 4.51225 0.11301
0.734 4.50933 0.111317
0.736 4.50639 0.109519
0.738 4.50337 0.107614
0.74 4.5002 0.1056
0.742 4.49642 0.103314
0.744 4.49246 0.100953
0.746 4.48838 0.098555
0.748 4.48422 0.096158
0.75 4.48 0.0938
0.752 4.47598 0.091732
0.754 4.47194 0.089724
0.756 4.46787 0.08776
0.758 4.46376 0.085824
0.76 4.4596 0.0839
0.762 4.45514 0.081822
0.764 4.45067 0.079761
0.766 4.44623 0.077739
0.768 4.44185 0.075778
0.77 4.4376 0.0739
0.772 4.43374 0.072289
0.774 4.43004 0.070762
0.776 4.42647 0.069302
0.778 4.42303 0.067887
0.78 4.4197 0.0665
0.782 4.41649 0.065082
0.784 4.41336 0.063663
0.786 4.4103 0.062233
0.788 4.40729 0.060782
0.79 4.4043 0.0593
0.792 4.40113 0.057791
0.794 4.39801 0.05623
0.796 4.39496 0.054602
0.798 4.39201 0.052897
0.8 4.3892 0.0511
0.802 4.38727 0.04879
0.804 4.38536 0.046465
0.806 4.38331 0.044215
0.808 4.38097 0.04213
0.81 4.3782 0.0403
0.812 4.37326 0.039642
0.814 4.36798 0.039211
0.816 4.3626 0.038889
0.818 4.35736 0.038558
0.82 4.3525 0.0381
0.822 4.35098 0.036746
0.824 4.34965 0.035193
0.826 4.34808 0.033487
0.828 4.34584 0.031674
0.83 4.3425 0.0298
0.832 4.33762 0.02791
0.834 4.33078 0.026049
0.836 4.32153 0.024263
0.838 4.30945 0.022598
0.84 4.2941 0.0211
