nk
0.24 0.84 
SOPRA N&K Database
301
0.24 1.6554 3.1437
0.242 1.6337 3.1761
0.244 1.6361 3.221
0.246 1.6612 3.2705
0.248 1.6744 3.3331
0.25 1.6908 3.3846
0.252 1.7239 3.4505
0.254 1.7658 3.5146
0.256 1.7826 3.5728
0.258 1.8206 3.638
0.26 1.8663 3.7153
0.262 1.9056 3.792
0.264 1.9531 3.8635
0.266 2.0084 3.9451
0.268 2.0808 4.0308
0.27 2.1453 4.1153
0.272 2.2371 4.2115
0.274 2.3484 4.3068
0.276 2.4586 4.3981
0.278 2.6006 4.4819
0.28 2.7735 4.5714
0.282 2.9752 4.6309
0.284 3.2006 4.6501
0.286 3.4252 4.6231
0.288 3.6696 4.5457
0.29 3.8461 4.4317
0.292 3.9958 4.2982
0.294 4.1028 4.155
0.296 4.2008 4.0089
0.298 4.2453 3.887
0.3 4.2857 3.7672
0.302 4.32492 3.65428
0.304 4.3467 3.5561
0.306 4.35638 3.47012
0.308 4.3593 3.3938
0.31 4.36256 3.32375
0.312 4.3662 3.2599
0.314 4.37425 3.20091
0.316 4.3819 3.1472
0.318 4.38398 3.09951
0.32 4.3856 3.0556
0.322 4.39174 3.01341
0.324 4.3977 2.9732
0.326 4.39911 2.93429
0.328 4.4 2.8974
0.33 4.40302 2.8631
0.332 4.408 2.8311
0.334 4.41714 2.8013
0.336 4.426 2.7737
0.338 4.42915 2.74861
0.34 4.4317 2.725
0.342 4.43792 2.70183
0.344 4.4449 2.6794
0.346 4.45031 2.65788
0.348 4.4567 2.6366
0.35 4.46668 2.61458
0.352 4.4777 2.593
0.354 4.48791 2.57273
0.356 4.4979 2.5537
0.358 4.50727 2.53671
0.36 4.5172 2.5201
0.362 4.52902 2.50252
0.364 4.5419 2.4838
0.366 4.55562 2.46289
0.368 4.5696 2.4411
0.37 4.5831 2.41988
0.372 4.5964 2.3977
0.374 4.61008 2.37266
0.376 4.6225 2.3474
0.378 4.63145 2.32493
0.38 4.6392 2.3022
0.382 4.64776 2.27623
0.384 4.6557 2.2498
0.386 4.66226 2.22526
0.388 4.6675 2.201
0.39 4.67125 2.17569
0.392 4.6734 2.1508
0.394 4.67374 2.12721
0.396 4.6724 2.1054
0.398 4.66902 2.08632
0.4 4.6649 2.0694
0.402 4.6614 2.05429
0.404 4.658 2.0413
0.406 4.65419 2.03109
0.408 4.6513 2.0223
0.41 4.65092 2.0133
0.412 4.6518 2.0055
0.414 4.65309 2.00024
0.416 4.6551 1.9961
0.418 4.65783 1.99236
0.42 4.6613 1.9883
0.422 4.66726 1.98704
0.424 4.6742 1.98597
0.426 4.68215 1.985
0.428 4.69114 1.98404
0.43 4.7012 1.983
0.432 4.71236 1.9818
0.434 4.72465 1.98034
0.436 4.7381 1.97855
0.438 4.75274 1.97633
0.44 4.7686 1.9736
0.442 4.78606 1.97003
0.444 4.80471 1.96583
0.446 4.82449 1.96098
0.448 4.84534 1.95544
0.45 4.8672 1.9492
0.452 4.89004 1.9427
0.454 4.91377 1.93531
0.456 4.93832 1.9269
0.458 4.96361 1.91731
0.46 4.9896 1.9064
0.462 5.01694 1.894
0.464 5.04465 1.88
0.466 5.07248 1.86424
0.468 5.10018 1.84659
0.47 5.1275 1.8269
0.472 5.15389 1.80318
0.474 5.17948 1.77761
0.476 5.20408 1.75051
0.478 5.22751 1.7222
0.48 5.2496 1.693
0.482 5.26813 1.66413
0.484 5.28548 1.63479
0.486 5.30196 1.60509
0.488 5.31793 1.57512
0.49 5.3337 1.545
0.492 5.35142 1.51726
0.494 5.36916 1.48895
0.496 5.38681 1.45956
0.498 5.40423 1.42858
0.5 5.4213 1.3955
0.502 5.43988 1.35622
0.504 5.45738 1.31472
0.506 5.47319 1.27137
0.508 5.4867 1.22657
0.51 5.4973 1.1807
0.512 5.50088 1.13379
0.514 5.5012 1.08666
0.516 5.49851 1.03981
0.518 5.49309 0.993696
0.52 5.4852 0.9488
0.522 5.47551 0.907403
0.524 5.46377 0.867721
0.526 5.45014 0.829778
0.528 5.43476 0.793596
0.53 5.4178 0.7592
0.532 5.39887 0.726841
0.534 5.37881 0.696257
0.536 5.35791 0.667411
0.538 5.33648 0.640271
0.54 5.3148 0.6148
0.542 5.29407 0.591299
0.544 5.27346 0.569315
0.546 5.25305 0.548733
0.548 5.2329 0.529434
0.55 5.2131 0.5113
0.552 5.19405 0.493898
0.554 5.17539 0.477505
0.556 5.15713 0.462083
0.558 5.13923 0.447594
0.56 5.1217 0.434
0.562 5.10453 0.421767
0.564 5.0877 0.410226
0.566 5.07118 0.399211
0.568 5.05495 0.388557
0.57 5.039 0.3781
0.572 5.02287 0.366465
0.574 5.00709 0.355001
0.576 4.99175 0.343843
0.578 4.97696 0.33313
0.58 4.9628 0.323
0.582 4.95042 0.314578
0.584 4.9386 0.306767
0.586 4.92717 0.299457
0.588 4.91596 0.292538
0.59 4.9048 0.2859
0.592 4.89254 0.278948
0.594 4.88023 0.27218
0.596 4.86795 0.265608
0.598 4.85578 0.259244
0.6 4.8438 0.2531
0.602 4.83224 0.247323
0.604 4.82097 0.241755
0.606 4.81003 0.236377
0.608 4.79946 0.231166
0.61 4.7893 0.2261
0.612 4.78035 0.221117
0.614 4.77168 0.216246
0.616 4.76313 0.211478
0.618 4.75456 0.206799
0.62 4.7458 0.2022
0.622 4.73535 0.197538
0.624 4.72473 0.192965
0.626 4.71413 0.188503
0.628 4.70373 0.184174
0.63 4.6937 0.18
0.632 4.68541 0.176296
0.634 4.67755 0.172716
0.636 4.67003 0.169208
0.638 4.66271 0.16572
0.64 4.6555 0.1622
0.642 4.64771 0.158135
0.644 4.63993 0.15405
0.646 4.63218 0.150006
0.648 4.6245 0.146069
0.65 4.6169 0.1423
0.652 4.60948 0.139195
0.654 4.60219 0.136278
0.656 4.59502 0.133502
0.658 4.58799 0.130825
0.66 4.5811 0.1282
0.662 4.57444 0.125276
0.664 4.56793 0.122392
0.666 4.56154 0.11958
0.668 4.55527 0.116872
0.67 4.5491 0.1143
0.672 4.54296 0.112264
0.674 4.53692 0.110336
0.676 4.53097 0.108456
0.678 4.52513 0.106564
0.68 4.5194 0.1046
0.682 4.51402 0.102136
0.684 4.5087 0.099572
0.686 4.50337 0.09694
0.688 4.49799 0.094272
0.69 4.4925 0.0916
0.692 4.48626 0.089036
0.694 4.47995 0.086512
0.696 4.47364 0.08404
0.698 4.46743 0.081632
0.7 4.4614 0.0793
0.702 4.45628 0.077242
0.704 4.45136 0.075237
0.706 4.44657 0.073251
0.708 4.44184 0.07125
0.71 4.4371 0.0692
0.712 4.43203 0.066518
0.714 4.42688 0.063855
0.716 4.42162 0.061313
0.718 4.41627 0.058994
0.72 4.4108 0.057
0.722 4.40569 0.056254
0.724 4.40033 0.055833
0.726 4.3946 0.055635
0.728 4.38836 0.055558
0.73 4.3815 0.0555
0.732 4.37181 0.054734
0.734 4.36175 0.053937
0.736 4.35172 0.053163
0.738 4.34211 0.052466
0.74 4.3333 0.0519
0.742 4.3279 0.051924
0.744 4.32355 0.052084
0.746 4.32007 0.052332
0.748 4.31731 0.05262
0.75 4.3151 0.0529
0.752 4.31325 0.053076
0.754 4.31165 0.05316
0.756 4.31013 0.053116
0.758 4.30857 0.052908
0.76 4.3068 0.0525
0.762 4.30391 0.051469
0.764 4.30071 0.050262
0.766 4.29723 0.048942
0.768 4.29351 0.047567
0.77 4.2896 0.0462
0.772 4.28523 0.045042
0.774 4.28083 0.043977
0.776 4.27649 0.043031
0.778 4.27235 0.04223
0.78 4.2685 0.0416
0.782 4.26587 0.041422
0.784 4.26357 0.041401
0.786 4.26151 0.041499
0.788 4.25962 0.041678
0.79 4.2578 0.0419
0.792 4.25551 0.042158
0.794 4.25323 0.042373
0.796 4.25102 0.042499
0.798 4.2489 0.04249
0.8 4.2469 0.0423
0.802 4.24575 0.041501
0.804 4.24461 0.040522
0.806 4.24335 0.039414
0.808 4.24182 0.038223
0.81 4.2399 0.037
0.812 4.2359 0.035908
0.814 4.23161 0.034852
0.816 4.22726 0.033852
0.818 4.22311 0.032928
0.82 4.2194 0.0321
0.822 4.21939 0.031286
0.824 4.21955 0.030633
0.826 4.21938 0.030187
0.828 4.21837 0.029994
0.83 4.216 0.0301
0.832 4.21178 0.03055
0.834 4.20518 0.031389
0.836 4.19571 0.032663
0.838 4.18285 0.034418
0.84 4.1661 0.0367
