nk
0.154981 1.23985 
SOPRA N&K Database
141
0.154981 2.651 0.962
0.155956 2.66391 0.944304
0.156943 2.67646 0.925872
0.157943 2.68854 0.906688
0.158955 2.70009 0.886736
0.159981 2.711 0.866
0.16102 2.72119 0.844464
0.162072 2.73058 0.822112
0.163138 2.73906 0.798928
0.164219 2.74661 0.775047
0.165314 2.753 0.75
0.166423 2.7579 0.722998
0.167548 2.76157 0.695144
0.168687 2.76417 0.667108
0.169843 2.76562 0.639392
0.171014 2.76585 0.612756
0.172202 2.76494 0.587096
0.173406 2.76293 0.56274
0.174627 2.76001 0.539152
0.175866 2.75629 0.51595
0.177122 2.752 0.493
0.178396 2.74748 0.469965
0.179689 2.74248 0.44708
0.181 2.73687 0.424484
0.182331 2.73072 0.40212
0.183682 2.72408 0.379972
0.185053 2.71691 0.358056
0.186444 2.7092 0.336372
0.187856 2.70086 0.314952
0.18929 2.69184 0.293884
0.190746 2.682 0.273
0.192225 2.67114 0.252011
0.193727 2.65943 0.231376
0.195252 2.64704 0.211386
0.196802 2.63386 0.192248
0.198376 2.61978 0.174266
0.199976 2.60495 0.15744
0.201602 2.58941 0.141922
0.203254 2.57342 0.12756
0.204934 2.5572 0.114205
0.206642 2.541 0.102
0.208378 2.52526 0.091125
0.210144 2.50974 0.08132
0.21194 2.4943 0.072406
0.213768 2.47905 0.06432
0.215626 2.46401 0.056958
0.217518 2.44922 0.050264
0.219443 2.43471 0.044158
0.221402 2.42049 0.038608
0.223397 2.40657 0.033607
0.225428 2.393 0.029
0.227496 2.37987 0.024571
0.229602 2.36712 0.020494
0.231748 2.35472 0.016856
0.233934 2.34268 0.013709
0.236162 2.331 0.01116
0.238433 2.31968 0.009132
0.240748 2.30872 0.007641
0.243108 2.29812 0.00652
0.245515 2.28788 0.005658
0.24797 2.278 0.0049
0.250475 2.26851 0.003992
0.253031 2.25938 0.003114
0.25564 2.25058 0.002366
0.258302 2.24213 0.001733
0.261021 2.23404 0.001242
0.263798 2.22628 0.000871
0.266635 2.21884 0.000623
0.269533 2.21168 0.000454
0.272495 2.20474 0.000325
0.275523 2.198 0.00022
0.278618 2.19139 9.5e-05
0.281785 2.185 0
0.285023 2.17894 1.4e-05
0.288338 2.173 0
0.29173 2.16688 0
0.295203 2.161 0
0.298759 2.15587 0
0.302403 2.151 0
0.306136 2.14594 0
0.309963 2.141 0
0.313887 2.13644 0
0.317911 2.132 0
0.322039 2.1275 0
0.326277 2.123 0
0.330627 2.11837 0
0.335095 2.114 0
0.339685 2.11044 0
0.344403 2.107 0
0.349254 2.103 0
0.354243 2.099 0
0.359377 2.09544 0
0.364662 2.092 0
0.370105 2.0885 0
0.375713 2.085 0
0.381493 2.08144 0
0.387454 2.078 0
0.393604 2.07494 0
0.399952 2.072 0
0.406509 2.069 0
0.413284 2.066 0
0.420289 2.06294 0
0.427535 2.06 0
0.435036 2.05744 0
0.442804 2.055 0
0.450855 2.0525 0
0.459204 2.05 0
0.467869 2.04744 0
0.476866 2.045 0
0.486216 2.04294 0
0.495941 2.041 0
0.506062 2.039 0
0.516605 2.037 0
0.527597 2.035 0
0.539066 2.033 0
0.551045 2.031 0
0.563569 2.029 0
0.576675 2.02694 0
0.590406 2.025 0
0.604806 2.02344 0
0.619926 2.022 0
0.635821 2.0205 0
0.652554 2.019 0
0.67019 2.0175 0
0.688807 2.016 0
0.708487 2.0145 0
0.729325 2.013 0
0.751425 2.01144 0
0.774907 2.01 0
0.799904 2.00894 0
0.826568 2.008 0
0.85507 2.007 0
0.885608 2.006 0
0.918409 2.005 0
0.953732 2.004 0
0.991881 2.003 0
1.03321 2.002 0
1.07813 2.001 0
1.12714 2 0
1.18081 1.999 0
1.23985 1.998 0
