nk
0.24 0.84 
SOPRA N&K Database
301
0.24 1.5719 3.2706
0.242 1.5762 3.3036
0.244 1.6006 3.3507
0.246 1.616 3.3927
0.248 1.6349 3.4629
0.25 1.655 3.5102
0.252 1.6752 3.5719
0.254 1.7098 3.6378
0.256 1.7369 3.7054
0.258 1.7686 3.7768
0.26 1.8032 3.8483
0.262 1.8557 3.9338
0.264 1.9146 4.0113
0.266 1.9683 4.1056
0.268 2.0298 4.1878
0.27 2.1278 4.2895
0.272 2.2143 4.385
0.274 2.3233 4.4856
0.276 2.441 4.5853
0.278 2.5979 4.6712
0.28 2.7776 4.7625
0.282 2.9876 4.8319
0.284 3.2034 4.87
0.286 3.4662 4.8622
0.288 3.6972 4.7916
0.29 3.9163 4.6836
0.292 4.0925 4.5416
0.294 4.2323 4.3814
0.296 4.3336 4.2282
0.298 4.3984 4.0862
0.3 4.4428 3.9539
0.302 4.47972 3.83302
0.304 4.503 3.727
0.306 4.51633 3.63398
0.308 4.5234 3.5521
0.31 4.52861 3.47954
0.312 4.5336 3.4143
0.314 4.54247 3.35364
0.316 4.5523 3.298
0.318 4.56141 3.2467
0.32 4.5702 3.2004
0.322 4.57814 3.16081
0.324 4.5863 3.1241
0.326 4.59568 3.08631
0.328 4.606 3.0495
0.33 4.61781 3.01392
0.332 4.6296 2.9811
0.334 4.63968 2.95341
0.336 4.6491 2.9286
0.338 4.65726 2.90592
0.34 4.6674 2.8833
0.342 4.68465 2.85658
0.344 4.7027 2.8313
0.346 4.71518 2.81322
0.348 4.7274 2.7975
0.35 4.7425 2.78116
0.352 4.7606 2.7644
0.354 4.78419 2.74534
0.356 4.8093 2.7272
0.358 4.83162 2.71391
0.36 4.8547 2.7014
0.362 4.88082 2.68656
0.364 4.9094 2.6705
0.366 4.94091 2.6534
0.368 4.9744 2.6349
0.37 5.0093 2.61468
0.372 5.045 2.5928
0.374 5.08053 2.56933
0.376 5.1164 2.544
0.378 5.15255 2.51696
0.38 5.1897 2.487
0.382 5.22967 2.45161
0.384 5.2691 2.4149
0.386 5.30464 2.381
0.388 5.3381 2.3473
0.39 5.36959 2.31286
0.392 5.4009 2.2768
0.394 5.43399 2.23766
0.396 5.4685 2.1963
0.398 5.50499 2.15381
0.4 5.5426 2.1081
0.402 5.58119 2.05674
0.404 5.6192 2.0018
0.406 5.65493 1.94506
0.408 5.6886 1.8849
0.41 5.72014 1.81992
0.412 5.7487 1.7513
0.414 5.77382 1.67916
0.416 5.7942 1.6053
0.418 5.80876 1.53109
0.42 5.8164 1.4579
0.422 5.81962 1.37222
0.424 5.81685 1.29035
0.426 5.80854 1.21226
0.428 5.79514 1.13795
0.43 5.7771 1.0674
0.432 5.75489 1.00059
0.434 5.72895 0.937498
0.436 5.69973 0.878115
0.438 5.6677 0.822421
0.44 5.6333 0.7704
0.442 5.59678 0.722538
0.444 5.55884 0.678189
0.446 5.52002 0.637211
0.448 5.4808 0.599462
0.45 5.4417 0.5648
0.452 5.40486 0.533411
0.454 5.36874 0.504742
0.456 5.33345 0.478566
0.458 5.29907 0.454661
0.46 5.2657 0.4328
0.462 5.23416 0.412519
0.464 5.20364 0.393894
0.466 5.17408 0.376759
0.468 5.1454 0.360949
0.47 5.1175 0.3463
0.472 5.08979 0.332404
0.474 5.06283 0.3194
0.476 5.0367 0.307184
0.478 5.01144 0.295652
0.48 4.9871 0.2847
0.482 4.96425 0.273843
0.484 4.94231 0.263454
0.486 4.92119 0.253522
0.488 4.90081 0.244041
0.49 4.8811 0.235
0.492 4.86203 0.226446
0.494 4.84345 0.218301
0.496 4.8253 0.210543
0.498 4.80748 0.20315
0.5 4.7899 0.1961
0.502 4.77193 0.189175
0.504 4.75416 0.182595
0.506 4.73665 0.176389
0.508 4.71945 0.170582
0.51 4.7026 0.1652
0.512 4.68616 0.160722
0.514 4.67018 0.156609
0.516 4.65471 0.152775
0.518 4.6398 0.149134
0.52 4.6255 0.1456
0.522 4.61269 0.141554
0.524 4.60038 0.137575
0.526 4.58844 0.133709
0.528 4.57669 0.130002
0.53 4.565 0.1265
0.532 4.55217 0.123644
0.534 4.53933 0.120988
0.536 4.52661 0.11848
0.538 4.5141 0.116068
0.54 4.5019 0.1137
0.542 4.49079 0.111039
0.544 4.48004 0.10839
0.546 4.4696 0.10577
0.548 4.45941 0.103201
0.55 4.4494 0.1007
0.552 4.43913 0.098396
0.554 4.42902 0.096172
0.556 4.41912 0.09402
0.558 4.40947 0.091932
0.56 4.4001 0.0899
0.562 4.39154 0.087903
0.564 4.38323 0.08595
0.566 4.37507 0.084034
0.568 4.36699 0.082153
0.57 4.3589 0.0803
0.572 4.35018 0.078378
0.574 4.34142 0.076499
0.576 4.33268 0.074681
0.578 4.32402 0.072942
0.58 4.3155 0.0713
0.582 4.30727 0.069957
0.584 4.29927 0.068702
0.586 4.2915 0.06751
0.588 4.284 0.066351
0.59 4.2768 0.0652
0.592 4.27034 0.063882
0.594 4.26412 0.062553
0.596 4.25808 0.061223
0.598 4.25213 0.059902
0.6 4.2462 0.0586
0.602 4.2399 0.057402
0.604 4.23355 0.056223
0.606 4.22715 0.055053
0.608 4.2207 0.053882
0.61 4.2142 0.0527
0.612 4.20749 0.051281
0.614 4.20079 0.049886
0.616 4.19413 0.048562
0.618 4.18755 0.047351
0.62 4.1811 0.0463
0.622 4.175 0.045754
0.624 4.16907 0.045381
0.626 4.16331 0.045151
0.628 4.15772 0.045034
0.63 4.1523 0.045
0.632 4.14708 0.044998
0.634 4.14202 0.045023
0.636 4.13711 0.045049
0.638 4.13234 0.04505
0.64 4.1277 0.045
0.642 4.12315 0.044666
0.644 4.11872 0.044283
0.646 4.11441 0.043877
0.648 4.1102 0.043474
0.65 4.1061 0.0431
0.652 4.10213 0.043006
0.654 4.09825 0.042939
0.656 4.09446 0.042869
0.658 4.09075 0.042766
0.66 4.0871 0.0426
0.662 4.08349 0.042176
0.664 4.07994 0.041672
0.666 4.07642 0.0411
0.668 4.07295 0.040472
0.67 4.0695 0.0398
0.672 4.06603 0.039128
0.674 4.06259 0.038428
0.676 4.05919 0.037704
0.678 4.05582 0.03696
0.68 4.0525 0.0362
0.682 4.04946 0.035434
0.684 4.04641 0.034659
0.686 4.0433 0.033877
0.688 4.04008 0.03309
0.69 4.0367 0.0323
0.692 4.03249 0.031485
0.694 4.02816 0.030678
0.696 4.02382 0.02989
0.698 4.01957 0.029127
0.7 4.0155 0.0284
0.702 4.01244 0.027806
0.704 4.0096 0.027243
0.706 4.00688 0.026697
0.708 4.0042 0.026154
0.71 4.0015 0.0256
0.712 3.99827 0.02485
0.714 3.99495 0.024105
0.716 3.99156 0.023395
0.718 3.98814 0.02275
0.72 3.9847 0.0222
0.722 3.98131 0.022007
0.724 3.97794 0.02191
0.726 3.97461 0.021878
0.728 3.97132 0.021885
0.73 3.9681 0.0219
0.732 3.96489 0.02177
0.734 3.96178 0.021623
0.736 3.95881 0.021461
0.738 3.95601 0.021286
0.74 3.9534 0.0211
0.742 3.95137 0.020903
0.744 3.9495 0.020702
0.746 3.94776 0.020498
0.748 3.94607 0.020297
0.75 3.9444 0.0201
0.752 3.94249 0.020001
0.754 3.94053 0.01989
0.756 3.9385 0.01975
0.758 3.93639 0.019559
0.76 3.9342 0.0193
0.762 3.9318 0.018735
0.764 3.92932 0.018118
0.766 3.92679 0.017482
0.768 3.92421 0.016865
0.77 3.9216 0.0163
0.772 3.91893 0.015993
0.774 3.91629 0.015766
0.776 3.9137 0.015614
0.778 3.91119 0.015527
0.78 3.9088 0.0155
0.782 3.90681 0.015618
0.784 3.90493 0.015757
0.786 3.90312 0.015887
0.788 3.90136 0.015978
0.79 3.8996 0.016
0.792 3.89744 0.015637
0.794 3.8953 0.015214
0.796 3.89326 0.014774
0.798 3.89138 0.014355
0.8 3.8897 0.014
0.802 3.88922 0.013928
0.804 3.88885 0.013956
0.806 3.8884 0.01408
0.808 3.88771 0.014296
0.81 3.8866 0.0146
0.812 3.88331 0.015177
0.814 3.87966 0.015786
0.816 3.87587 0.016378
0.818 3.87218 0.016899
0.82 3.8688 0.0173
0.822 3.86783 0.017209
0.824 3.86716 0.016974
0.826 3.86656 0.016626
0.828 3.86579 0.016191
0.83 3.8646 0.0157
0.832 3.86276 0.015181
0.834 3.86003 0.014662
0.836 3.85617 0.014174
0.838 3.85094 0.013743
0.84 3.8441 0.0134
