nk
0.24 0.84 
SOPRA N&K Database
301
0.24 1.6487 3.4041
0.242 1.6592 3.4464
0.244 1.6637 3.4912
0.246 1.6724 3.5418
0.248 1.6826 3.5961
0.25 1.7123 3.6572
0.252 1.7403 3.7239
0.254 1.7558 3.8179
0.256 1.7872 3.8791
0.258 1.8229 3.9642
0.26 1.8638 4.0595
0.262 1.9183 4.1637
0.264 1.9659 4.2551
0.266 2.0369 4.3675
0.268 2.1189 4.4868
0.27 2.2125 4.6022
0.272 2.3342 4.7314
0.274 2.4955 4.8556
0.276 2.6543 4.9686
0.278 2.8431 5.0631
0.28 3.0661 5.1492
0.282 3.3017 5.2121
0.284 3.5607 5.2356
0.286 3.84 5.2208
0.288 4.1609 5.1449
0.29 4.4222 4.9886
0.292 4.6215 4.7937
0.294 4.7578 4.5874
0.296 4.8706 4.3825
0.298 4.9166 4.1976
0.3 4.9498 4.0383
0.302 4.97147 3.89844
0.304 4.9801 3.7774
0.306 4.98025 3.67274
0.308 4.9765 3.582
0.31 4.97502 3.50246
0.312 4.9756 3.4325
0.314 4.98111 3.37017
0.316 4.9884 3.3138
0.318 4.99419 3.26109
0.32 5.0017 3.212
0.322 5.01427 3.16571
0.324 5.0283 3.1223
0.326 5.04046 3.08142
0.328 5.0533 3.0435
0.33 5.06834 3.00955
0.332 5.0853 2.9775
0.334 5.10523 2.94469
0.336 5.1256 2.9139
0.338 5.14302 2.88834
0.34 5.1611 2.8641
0.342 5.18281 2.83664
0.344 5.2067 2.8111
0.346 5.23159 2.79295
0.348 5.2597 2.7766
0.35 5.29295 2.75755
0.352 5.331 2.738
0.354 5.37394 2.71909
0.356 5.4224 2.6995
0.358 5.47756 2.67862
0.36 5.5378 2.6554
0.362 5.6011 2.62995
0.364 5.6698 2.5981
0.366 5.74684 2.5565
0.368 5.8284 2.5028
0.37 5.91309 2.43283
0.372 5.9966 2.3487
0.374 6.07615 2.2514
0.376 6.1457 2.1401
0.378 6.19777 2.0113
0.38 6.2339 1.874
0.382 6.25205 1.7342
0.384 6.2555 1.5974
0.386 6.24644 1.47284
0.388 6.2261 1.3553
0.39 6.19586 1.24211
0.392 6.1575 1.1349
0.394 6.11288 1.03388
0.396 6.0632 0.9407
0.398 6.00974 0.858044
0.4 5.9541 0.7831
0.402 5.89873 0.713481
0.404 5.8423 0.6506
0.406 5.78364 0.595463
0.408 5.7247 0.5469
0.41 5.66654 0.5045
0.412 5.6107 0.467
0.414 5.55986 0.433
0.416 5.5116 0.4025
0.418 5.46476 0.37515
0.42 5.4182 0.3506
0.422 5.36323 0.326177
0.424 5.31295 0.304722
0.426 5.26693 0.28595
0.428 5.22476 0.269571
0.43 5.186 0.2553
0.432 5.15024 0.242849
0.434 5.11704 0.231931
0.436 5.08598 0.222258
0.438 5.05664 0.213543
0.44 5.0286 0.2055
0.442 4.99993 0.196446
0.444 4.97208 0.187837
0.446 4.94499 0.179735
0.448 4.91862 0.172202
0.45 4.8929 0.1653
0.452 4.86715 0.159822
0.454 4.84211 0.154915
0.456 4.81791 0.150457
0.458 4.79463 0.146326
0.46 4.7724 0.1424
0.462 4.75249 0.138222
0.464 4.73356 0.134091
0.466 4.7154 0.129969
0.468 4.69785 0.125818
0.47 4.6807 0.1216
0.472 4.663 0.116789
0.474 4.64554 0.111958
0.476 4.62833 0.107194
0.478 4.61138 0.102579
0.48 4.5947 0.0982
0.482 4.57807 0.094662
0.484 4.5618 0.091399
0.486 4.54593 0.088365
0.488 4.53054 0.085514
0.49 4.5157 0.0828
0.492 4.50218 0.080175
0.494 4.48916 0.077598
0.496 4.47653 0.075022
0.498 4.46418 0.072405
0.5 4.452 0.0697
0.502 4.43934 0.066338
0.504 4.42676 0.062931
0.506 4.4143 0.059565
0.508 4.40197 0.056326
0.51 4.3898 0.0533
0.512 4.37795 0.051067
0.514 4.36627 0.049098
0.516 4.35478 0.047354
0.518 4.34346 0.045801
0.52 4.3323 0.0444
0.522 4.32096 0.04253
0.524 4.30986 0.040885
0.526 4.29908 0.039575
0.528 4.2887 0.03871
0.53 4.2788 0.0384
0.532 4.26993 0.04053
0.534 4.26159 0.042989
0.536 4.25373 0.045443
0.538 4.24631 0.047558
0.54 4.2393 0.049
0.542 4.23307 0.047069
0.544 4.22707 0.044386
0.546 4.22115 0.04121
0.548 4.21517 0.037795
0.55 4.209 0.0344
0.552 4.20148 0.032286
0.554 4.19374 0.030453
0.556 4.18587 0.028907
0.558 4.17799 0.027654
0.56 4.1702 0.0267
0.562 4.16329 0.026418
0.564 4.15652 0.026353
0.566 4.14984 0.026419
0.568 4.14319 0.02653
0.57 4.1365 0.0266
0.572 4.12904 0.026071
0.574 4.12159 0.025446
0.576 4.11428 0.024754
0.578 4.10721 0.024029
0.58 4.1005 0.0233
0.582 4.09529 0.02274
0.584 4.0904 0.022204
0.586 4.08568 0.021688
0.588 4.081 0.021188
0.59 4.0762 0.0207
0.592 4.07014 0.020092
0.594 4.06393 0.01952
0.596 4.05766 0.019012
0.598 4.05145 0.018596
0.6 4.0454 0.0183
0.602 4.04 0.018632
0.604 4.03488 0.01902
0.606 4.03003 0.019372
0.608 4.02547 0.019596
0.61 4.0212 0.0196
0.612 4.01784 0.018358
0.614 4.01464 0.016945
0.616 4.01145 0.015503
0.618 4.00811 0.014174
0.62 4.0045 0.0131
0.622 3.99892 0.013625
0.624 3.99315 0.014386
0.626 3.98744 0.015226
0.628 3.98201 0.015983
0.63 3.9771 0.0165
0.632 3.97514 0.015625
0.634 3.97364 0.014438
0.636 3.97229 0.01303
0.638 3.97078 0.011487
0.64 3.9688 0.0099
0.642 3.96396 0.008597
0.644 3.95856 0.007366
0.646 3.95281 0.006238
0.648 3.94692 0.005239
0.65 3.9411 0.0044
0.652 3.93654 0.003995
0.654 3.93224 0.003746
0.656 3.92817 0.003618
0.658 3.9243 0.003581
0.66 3.9206 0.0036
0.662 3.91692 0.003426
0.664 3.91339 0.003297
0.666 3.91 0.003235
0.668 3.90677 0.003262
0.67 3.9037 0.0034
0.672 3.90099 0.004159
0.674 3.8984 0.00495
0.676 3.89586 0.00567
0.678 3.89335 0.006221
0.68 3.8908 0.0065
0.682 3.88805 0.005412
0.684 3.8852 0.0041
0.686 3.88223 0.002712
0.688 3.87914 0.001396
0.69 3.8759 0.0003
0.692 3.87204 0.000372
0.694 3.86811 0.00076
0.696 3.86421 0.001412
0.698 3.86044 0.002276
0.7 3.8569 0.0033
0.702 3.85444 0.004374
0.704 3.85221 0.005519
0.706 3.85012 0.006697
0.708 3.84808 0.00787
0.71 3.846 0.009
0.712 3.84287 0.010057
0.714 3.83974 0.010994
0.716 3.83675 0.011774
0.718 3.83402 0.012355
0.72 3.8317 0.0127
0.722 3.83134 0.012289
0.724 3.8313 0.011682
0.726 3.83136 0.010962
0.728 3.8313 0.010207
0.73 3.8309 0.0095
0.732 3.82855 0.009343
0.734 3.82576 0.00929
0.736 3.82267 0.009314
0.738 3.81941 0.009393
0.74 3.8161 0.0095
0.742 3.81337 0.009477
0.744 3.81073 0.009466
0.746 3.80818 0.009478
0.748 3.80574 0.009519
0.75 3.8034 0.0096
0.752 3.80126 0.009914
0.754 3.79921 0.010239
0.756 3.79725 0.010537
0.758 3.79535 0.01077
0.76 3.7935 0.0109
0.762 3.79155 0.0105
0.764 3.78966 0.01002
0.766 3.78784 0.00952
0.768 3.78612 0.00906
0.77 3.7845 0.0087
0.772 3.78323 0.008999
0.774 3.78205 0.009394
0.776 3.78093 0.009818
0.778 3.77983 0.010209
0.78 3.7787 0.0105
0.782 3.77733 0.010109
0.784 3.77591 0.009618
0.786 3.77446 0.009094
0.788 3.77298 0.008599
0.79 3.7715 0.0082
0.792 3.77 0.008476
0.794 3.76852 0.008848
0.796 3.76707 0.009252
0.798 3.76565 0.009624
0.8 3.7643 0.0099
0.802 3.76313 0.009504
0.804 3.76202 0.009012
0.806 3.76096 0.008488
0.808 3.75992 0.007996
0.81 3.7589 0.0076
0.812 3.75771 0.007879
0.814 3.75654 0.008254
0.816 3.75543 0.008658
0.818 3.75441 0.009029
0.82 3.7535 0.0093
0.822 3.75297 0.00902
0.824 3.75256 0.008608
0.826 3.75223 0.008096
0.828 3.75195 0.007516
0.83 3.7517 0.0069
0.832 3.75145 0.00628
0.834 3.75116 0.005688
0.836 3.75081 0.005156
0.838 3.75036 0.004716
0.84 3.7498 0.0044
