nk
0.24 0.84 
SOPRA N&K Database
301
0.24 1.6197 3.4038
0.242 1.6187 3.4344
0.244 1.6408 3.4642
0.246 1.6348 3.5384
0.248 1.6432 3.5962
0.25 1.6678 3.6503
0.252 1.6866 3.7269
0.254 1.7113 3.8157
0.256 1.7232 3.8836
0.258 1.7583 3.9797
0.26 1.7964 4.0775
0.262 1.843 4.1873
0.264 1.8858 4.2997
0.266 1.9705 4.423
0.268 2.0603 4.5514
0.27 2.1646 4.6757
0.272 2.2988 4.8082
0.274 2.4699 4.935
0.276 2.6518 5.04
0.278 2.8486 5.1257
0.28 3.0756 5.1958
0.282 3.3079 5.2342
0.284 3.5593 5.251
0.286 3.8154 5.2344
0.288 4.1056 5.1773
0.29 4.3617 5.0588
0.292 4.5934 4.8902
0.294 4.7544 4.6943
0.296 4.8798 4.4863
0.298 4.9495 4.2948
0.3 4.987 4.1268
0.302 5.01789 3.97494
0.304 5.032 3.8465
0.306 5.03471 3.73761
0.308 5.0314 3.6444
0.31 5.02919 3.56187
0.312 5.0283 3.4895
0.314 5.03204 3.42565
0.316 5.0382 3.3687
0.318 5.0451 3.31627
0.32 5.0545 3.269
0.322 5.06837 3.22757
0.324 5.0844 3.1895
0.326 5.10087 3.15178
0.328 5.118 3.1167
0.33 5.13442 3.08629
0.332 5.1532 3.0584
0.334 5.17846 3.03012
0.336 5.2057 3.0057
0.338 5.22934 2.99043
0.34 5.2568 2.9782
0.342 5.29521 2.9639
0.344 5.3399 2.9499
0.346 5.387 2.93826
0.348 5.4413 2.9248
0.35 5.50734 2.90572
0.352 5.582 2.882
0.354 5.66445 2.85311
0.356 5.7524 2.8197
0.358 5.84121 2.78457
0.36 5.9371 2.7407
0.362 6.04646 2.68407
0.364 6.1641 2.6084
0.366 6.29086 2.50686
0.368 6.4151 2.3771
0.37 6.53053 2.2109
0.372 6.6219 2.019
0.374 6.67083 1.80383
0.376 6.6804 1.5821
0.378 6.64233 1.36879
0.38 6.5723 1.1715
0.382 6.47889 1.00395
0.384 6.3751 0.8627
0.386 6.27924 0.751844
0.388 6.184 0.6625
0.39 6.08626 0.587694
0.392 5.9918 0.5258
0.394 5.90672 0.473156
0.396 5.827 0.4289
0.398 5.75036 0.391263
0.4 5.6776 0.3593
0.402 5.60876 0.331756
0.404 5.5439 0.3078
0.406 5.48316 0.286163
0.408 5.4264 0.2669
0.41 5.37364 0.249725
0.412 5.3245 0.2344
0.414 5.27916 0.220625
0.416 5.236 0.2083
0.418 5.19387 0.197275
0.42 5.1516 0.1874
0.422 5.1071 0.17813
0.424 5.0665 0.169479
0.426 5.0294 0.161413
0.428 4.9954 0.153898
0.43 4.9641 0.1469
0.432 4.93511 0.140386
0.434 4.90802 0.134323
0.436 4.88244 0.128677
0.438 4.85796 0.123414
0.44 4.8342 0.1185
0.442 4.80874 0.113848
0.444 4.7837 0.109492
0.446 4.75917 0.105412
0.448 4.73527 0.101588
0.45 4.7121 0.098
0.452 4.69044 0.094638
0.454 4.66955 0.091469
0.456 4.64936 0.088471
0.458 4.6298 0.085622
0.46 4.6108 0.0829
0.462 4.59212 0.08008
0.464 4.57392 0.077392
0.466 4.55616 0.074864
0.468 4.53883 0.072524
0.47 4.5219 0.0704
0.472 4.50532 0.068837
0.474 4.4891 0.067466
0.476 4.47323 0.066238
0.478 4.45771 0.065099
0.48 4.4425 0.064
0.482 4.42721 0.062716
0.484 4.41231 0.061412
0.486 4.39789 0.06008
0.488 4.38403 0.058712
0.49 4.3708 0.0573
0.492 4.35925 0.055746
0.494 4.34826 0.054155
0.496 4.3377 0.052541
0.498 4.32739 0.050918
0.5 4.3172 0.0493
0.502 4.3061 0.047648
0.504 4.29503 0.046044
0.506 4.28403 0.044516
0.508 4.27316 0.043092
0.51 4.2625 0.0418
0.512 4.25237 0.040972
0.514 4.2425 0.040256
0.516 4.23287 0.039604
0.518 4.22347 0.038968
0.52 4.2143 0.0383
0.522 4.20545 0.037187
0.524 4.19678 0.036038
0.526 4.18825 0.034894
0.528 4.17984 0.033801
0.53 4.1715 0.0328
0.532 4.16286 0.032207
0.534 4.1543 0.031726
0.536 4.14589 0.03133
0.538 4.13767 0.030997
0.54 4.1297 0.0307
0.542 4.12241 0.030265
0.544 4.11537 0.029854
0.546 4.10854 0.029482
0.548 4.10186 0.029159
0.55 4.0953 0.0289
0.552 4.08844 0.028989
0.554 4.08169 0.029098
0.556 4.0751 0.029174
0.558 4.06873 0.029159
0.56 4.0626 0.029
0.562 4.05755 0.028193
0.564 4.05266 0.027242
0.566 4.04777 0.026206
0.568 4.04273 0.025139
0.57 4.0374 0.0241
0.572 4.03022 0.023372
0.574 4.0228 0.022728
0.576 4.01534 0.022168
0.578 4.00804 0.021692
0.58 4.0011 0.0213
0.582 3.99598 0.021027
0.584 3.99131 0.02083
0.586 3.98698 0.020698
0.588 3.98288 0.020625
0.59 3.9789 0.0206
0.592 3.97447 0.02075
0.594 3.97006 0.020897
0.596 3.96566 0.020999
0.598 3.96127 0.021014
0.6 3.9569 0.0209
0.602 3.95246 0.020194
0.604 3.94806 0.019379
0.606 3.94374 0.018517
0.608 3.93951 0.01767
0.61 3.9354 0.0169
0.612 3.9319 0.01669
0.614 3.92845 0.016577
0.616 3.92498 0.016519
0.618 3.92139 0.016474
0.62 3.9176 0.0164
0.622 3.91274 0.015956
0.624 3.90769 0.015472
0.626 3.90257 0.01498
0.628 3.89746 0.014512
0.63 3.8925 0.0141
0.632 3.88826 0.013968
0.634 3.88425 0.013908
0.636 3.88045 0.013904
0.638 3.87684 0.01394
0.64 3.8734 0.014
0.642 3.8703 0.014106
0.644 3.86729 0.014195
0.646 3.86433 0.014241
0.648 3.86136 0.014218
0.65 3.8583 0.0141
0.652 3.85446 0.013507
0.654 3.85058 0.012858
0.656 3.84678 0.012214
0.658 3.84315 0.011641
0.66 3.8398 0.0112
0.662 3.83781 0.011451
0.664 3.83606 0.011838
0.666 3.83442 0.012298
0.668 3.83275 0.012773
0.67 3.8309 0.0132
0.672 3.82786 0.013161
0.674 3.82459 0.013042
0.676 3.82117 0.012874
0.678 3.81768 0.012683
0.68 3.8142 0.0125
0.682 3.81111 0.012548
0.684 3.80812 0.012612
0.686 3.80523 0.012672
0.688 3.80246 0.012708
0.69 3.7998 0.0127
0.692 3.79741 0.012516
0.694 3.79511 0.012276
0.696 3.79288 0.011988
0.698 3.79068 0.01166
0.7 3.7885 0.0113
0.702 3.78632 0.010727
0.704 3.78409 0.010186
0.706 3.78177 0.00973
0.708 3.77932 0.009417
0.71 3.7767 0.0093
0.712 3.77326 0.010162
0.714 3.76974 0.011149
0.716 3.76626 0.012135
0.718 3.76294 0.012994
0.72 3.7599 0.0136
0.722 3.75812 0.01276
0.724 3.75665 0.01168
0.726 3.75538 0.0105
0.728 3.75423 0.00936
0.73 3.7531 0.0084
0.732 3.75151 0.008778
0.734 3.74984 0.009361
0.736 3.7481 0.010035
0.738 3.74629 0.010686
0.74 3.7444 0.0112
0.742 3.74235 0.010636
0.744 3.74025 0.009912
0.746 3.73812 0.00912
0.748 3.736 0.008352
0.75 3.7339 0.0077
0.752 3.73197 0.007845
0.754 3.73007 0.008142
0.756 3.72822 0.008538
0.758 3.7264 0.008975
0.76 3.7246 0.0094
0.762 3.72289 0.009478
0.764 3.72118 0.009503
0.766 3.71945 0.009489
0.768 3.71766 0.00945
0.77 3.7158 0.0094
0.772 3.71339 0.009534
0.774 3.71098 0.009641
0.776 3.70865 0.009691
0.778 3.70649 0.009654
0.78 3.7046 0.0095
0.782 3.7038 0.0089
0.784 3.70325 0.008196
0.786 3.70287 0.007432
0.788 3.70255 0.006652
0.79 3.7022 0.0059
0.792 3.70128 0.005441
0.794 3.70026 0.005042
0.796 3.69914 0.004694
0.798 3.69795 0.004383
0.8 3.6967 0.0041
0.802 3.69545 0.003753
0.804 3.69416 0.00343
0.806 3.69283 0.003142
0.808 3.69148 0.002895
0.81 3.6901 0.0027
0.812 3.68804 0.00268
0.814 3.68613 0.0027
0.816 3.68454 0.00274
0.818 3.68344 0.00278
0.82 3.683 0.0028
0.822 3.68601 0.002607
0.824 3.68937 0.002398
0.826 3.6926 0.002194
0.828 3.6952 0.002021
0.83 3.6967 0.0019
0.832 3.69661 0.001855
0.834 3.69445 0.00191
0.836 3.68974 0.002086
0.838 3.68198 0.002409
0.84 3.6707 0.0029
