nk
0.23 0.84 
SOPRA N&K Database
306
0.23 1.26538 3.50132
0.232 1.59479 3.45589
0.234 1.70447 3.42593
0.236 1.69471 3.41323
0.238 1.67215 3.42004
0.24 1.69562 3.44501
0.242 1.68887 3.4778
0.244 1.70009 3.52402
0.246 1.70151 3.5838
0.248 1.6984 3.64479
0.25 1.71336 3.68978
0.252 1.75064 3.7054
0.254 1.75516 3.84212
0.256 1.7701 3.93661
0.258 1.8003 4.02591
0.26 1.83451 4.11802
0.262 1.8801 4.22869
0.264 1.93375 4.3491
0.266 2.00168 4.4824
0.268 2.08812 4.61521
0.27 2.201 4.75577
0.272 2.34934 4.89568
0.274 2.52108 5.02346
0.276 2.71095 5.12794
0.278 2.93401 5.21548
0.28 3.15858 5.28146
0.282 3.39714 5.31952
0.284 3.66572 5.34941
0.286 3.95748 5.33857
0.288 4.26691 5.25932
0.29 4.54788 5.10398
0.292 4.77809 4.89268
0.294 4.93637 4.6596
0.296 5.02536 4.43801
0.298 5.07861 4.23888
0.3 5.10084 4.07102
0.302 5.11702 3.92398
0.304 5.11936 3.79369
0.306 5.11316 3.68779
0.308 5.11044 3.59367
0.31 5.1089 3.51163
0.312 5.10471 3.44456
0.314 5.10979 3.38216
0.316 5.11493 3.32441
0.318 5.11986 3.27694
0.32 5.13098 3.23184
0.322 5.13632 3.19288
0.324 5.15236 3.14991
0.326 5.1685 3.11704
0.328 5.18872 3.08099
0.33 5.21086 3.045
0.332 5.22432 3.0135
0.334 5.24663 2.9866
0.336 5.26672 2.96466
0.338 5.2909 2.9445
0.34 5.31546 2.92554
0.342 5.34866 2.90443
0.344 5.38157 2.89229
0.346 5.42037 2.88414
0.348 5.46409 2.87805
0.35 5.51792 2.87632
0.352 5.58479 2.88164
0.354 5.66827 2.89296
0.356 5.78306 2.9001
0.358 5.92493 2.89747
0.36 6.10316 2.86081
0.362 6.3008 2.77618
0.364 6.50269 2.63162
0.366 6.67527 2.42374
0.368 6.79628 2.17351
0.37 6.85575 1.90434
0.372 6.85632 1.6323
0.374 6.80621 1.38228
0.376 6.71752 1.16371
0.378 6.60277 0.982391
0.38 6.47805 0.834544
0.382 6.3467 0.712892
0.384 6.22978 0.624193
0.386 6.12413 0.555269
0.388 6.02313 0.495823
0.39 5.93019 0.446432
0.392 5.84457 0.404928
0.394 5.767 0.370426
0.396 5.692 0.339642
0.398 5.62155 0.313999
0.4 5.55868 0.29255
0.402 5.49196 0.271784
0.404 5.43301 0.253875
0.406 5.37861 0.238343
0.408 5.32749 0.224067
0.41 5.27883 0.211365
0.412 5.23257 0.198994
0.414 5.1883 0.18891
0.416 5.14419 0.179766
0.418 5.1047 0.171766
0.42 5.06805 0.163402
0.422 5.03497 0.156417
0.424 5.00037 0.149448
0.426 4.96783 0.142571
0.428 4.93717 0.136861
0.43 4.90805 0.131306
0.432 4.8791 0.126128
0.434 4.85058 0.121463
0.436 4.82431 0.116966
0.438 4.80498 0.112578
0.44 4.78064 0.107918
0.442 4.75488 0.104718
0.444 4.73152 0.100831
0.446 4.70934 0.097579
0.448 4.68644 0.094187
0.45 4.6643 0.092175
0.452 4.6447 0.088493
0.454 4.62461 0.085682
0.456 4.60465 0.08316
0.458 4.58505 0.080818
0.46 4.56616 0.078509
0.462 4.54837 0.076065
0.464 4.53117 0.073689
0.466 4.51419 0.071504
0.468 4.49754 0.069497
0.47 4.48148 0.067653
0.472 4.46621 0.065987
0.474 4.45132 0.064381
0.476 4.43643 0.06269
0.478 4.42167 0.060961
0.48 4.40731 0.059267
0.482 4.39354 0.057647
0.484 4.38003 0.05613
0.486 4.36627 0.054821
0.488 4.35265 0.053635
0.49 4.3398 0.052438
0.492 4.32829 0.05111
0.494 4.31739 0.049789
0.496 4.30679 0.048535
0.498 4.29627 0.047366
0.5 4.28555 0.046315
0.502 4.27424 0.045437
0.504 4.26301 0.04457
0.506 4.25245 0.043525
0.508 4.24242 0.042388
0.51 4.23263 0.041306
0.512 4.2229 0.040388
0.514 4.21347 0.039542
0.516 4.20457 0.038759
0.518 4.196 0.038006
0.52 4.1874 0.037231
0.522 4.1784 0.03638
0.524 4.16964 0.035543
0.526 4.16184 0.034805
0.528 4.15459 0.034131
0.53 4.14721 0.03345
0.532 4.13913 0.032705
0.534 4.13101 0.031998
0.536 4.12325 0.031408
0.538 4.11577 0.030925
0.54 4.10843 0.030547
0.542 4.10116 0.0303
0.544 4.09402 0.030011
0.546 4.08702 0.029429
0.548 4.08017 0.028686
0.55 4.0735 0.028002
0.552 4.06707 0.027559
0.554 4.06065 0.027135
0.556 4.05388 0.026529
0.558 4.04699 0.025863
0.56 4.04033 0.025345
0.562 4.03418 0.025157
0.564 4.02831 0.025038
0.566 4.0228 0.024812
0.568 4.01745 0.024493
0.57 4.01191 0.024127
0.572 4.00588 0.023728
0.574 3.9998 0.023258
0.576 3.99402 0.022598
0.578 3.98847 0.021887
0.58 3.983 0.021344
0.582 3.97754 0.021174
0.584 3.97218 0.021112
0.586 3.96699 0.021024
0.588 3.96194 0.020875
0.59 3.95702 0.020631
0.592 3.95223 0.020229
0.594 3.94757 0.019752
0.596 3.94311 0.019192
0.598 3.93876 0.018646
0.6 3.9344 0.018267
0.602 3.92992 0.018205
0.604 3.9255 0.018268
0.606 3.92136 0.018409
0.608 3.91738 0.018518
0.61 3.91336 0.018414
0.612 3.90911 0.017891
0.614 3.90486 0.017343
0.616 3.90075 0.017176
0.618 3.89679 0.017211
0.62 3.89294 0.017116
0.622 3.88921 0.016626
0.624 3.88564 0.016128
0.626 3.8824 0.015961
0.628 3.87925 0.015985
0.63 3.87579 0.015964
0.632 3.87159 0.015727
0.634 3.8674 0.015408
0.636 3.86394 0.014969
0.638 3.86093 0.014537
0.64 3.85796 0.014341
0.642 3.85473 0.014628
0.644 3.85141 0.014873
0.646 3.84796 0.014454
0.648 3.84449 0.013708
0.65 3.8412 0.013218
0.652 3.83828 0.01347
0.654 3.83539 0.013815
0.656 3.83215 0.013755
0.658 3.82876 0.013448
0.66 3.82551 0.013199
0.662 3.82265 0.01323
0.664 3.81991 0.013226
0.666 3.81712 0.01292
0.668 3.81432 0.012423
0.67 3.81157 0.011905
0.672 3.80896 0.011475
0.674 3.80631 0.011162
0.676 3.80346 0.011162
0.678 3.80049 0.011314
0.68 3.7975 0.011358
0.682 3.79456 0.011067
0.684 3.79179 0.010708
0.686 3.78947 0.010421
0.688 3.78739 0.010215
0.69 3.78517 0.010079
0.692 3.78248 0.010025
0.694 3.77984 0.010067
0.696 3.77776 0.010316
0.698 3.77603 0.010628
0.7 3.77436 0.010786
0.702 3.77258 0.010596
0.704 3.7705 0.010235
0.706 3.7676 0.009662
0.708 3.76428 0.00906
0.71 3.7612 0.008692
0.712 3.7589 0.008818
0.714 3.75687 0.009165
0.716 3.75498 0.009783
0.718 3.75309 0.010376
0.72 3.75102 0.010451
0.722 3.74851 0.009479
0.724 3.74602 0.008452
0.726 3.74385 0.008313
0.728 3.742 0.008727
0.73 3.74047 0.009115
0.732 3.73939 0.009081
0.734 3.73815 0.008886
0.736 3.73594 0.008401
0.738 3.73319 0.007895
0.74 3.73058 0.007868
0.742 3.72866 0.008857
0.744 3.72697 0.009674
0.746 3.72545 0.008881
0.748 3.72396 0.007284
0.75 3.72232 0.006278
0.752 3.72034 0.00704
0.754 3.7183 0.007975
0.756 3.71649 0.007821
0.758 3.71475 0.007024
0.76 3.71282 0.00638
0.762 3.7104 0.006453
0.764 3.70824 0.006709
0.766 3.7074 0.006964
0.768 3.70715 0.007145
0.77 3.70624 0.007151
0.772 3.70355 0.00683
0.774 3.7007 0.006487
0.776 3.69923 0.006411
0.778 3.69832 0.006506
0.78 3.69644 0.006604
0.782 3.69222 0.006596
0.784 3.68813 0.006531
0.786 3.68658 0.006362
0.788 3.68661 0.006149
0.79 3.68662 0.005996
0.792 3.68548 0.006005
0.794 3.68399 0.00601
0.796 3.68199 0.005832
0.798 3.68004 0.005572
0.8 3.6792 0.005389
0.802 3.68058 0.005408
0.804 3.68182 0.00554
0.806 3.68054 0.005824
0.808 3.6776 0.006164
0.81 3.67452 0.006435
0.812 3.67229 0.006524
0.814 3.6704 0.006455
0.816 3.66897 0.00606
0.818 3.66786 0.005538
0.82 3.66695 0.005233
0.822 3.66617 0.005486
0.824 3.66512 0.005689
0.826 3.6629 0.005155
0.828 3.66017 0.004277
0.83 3.65787 0.003723
0.832 3.65674 0.004052
0.834 3.65656 0.004554
0.836 3.65742 0.004973
0.838 3.65945 0.005053
0.84 3.66277 0.004537
