nk
0.23 0.84 
SOPRA N&K Database
306
0.23 1.43039 3.52257
0.232 1.60047 3.44662
0.234 1.6811 3.4147
0.236 1.69996 3.41139
0.238 1.68464 3.42029
0.24 1.66492 3.43233
0.242 1.66478 3.46248
0.244 1.66832 3.50701
0.246 1.66337 3.55715
0.248 1.66643 3.61591
0.25 1.6789 3.6772
0.252 1.68961 3.75294
0.254 1.71188 3.82946
0.256 1.7276 3.90768
0.258 1.75568 4.00092
0.26 1.78597 4.09421
0.262 1.82678 4.20482
0.264 1.88022 4.31735
0.266 1.94539 4.45249
0.268 2.02111 4.59015
0.27 2.12918 4.726
0.272 2.26756 4.87356
0.274 2.43722 5.00416
0.276 2.62568 5.11521
0.278 2.83558 5.21399
0.28 3.05421 5.28609
0.282 3.28124 5.34277
0.284 3.54089 5.39224
0.286 3.83813 5.40549
0.288 4.16266 5.35918
0.29 4.47284 5.22294
0.292 4.74306 5.00746
0.294 4.92263 4.76027
0.296 5.02339 4.52633
0.298 5.08754 4.31384
0.3 5.1172 4.1281
0.302 5.12811 3.97222
0.304 5.12789 3.83636
0.306 5.12168 3.72403
0.308 5.1155 3.62614
0.31 5.11483 3.5391
0.312 5.10794 3.46822
0.314 5.10874 3.40524
0.316 5.11162 3.34661
0.318 5.11333 3.29791
0.32 5.12233 3.25181
0.322 5.13007 3.21126
0.324 5.14172 3.1718
0.326 5.15857 3.13723
0.328 5.18159 3.10338
0.33 5.20014 3.06807
0.332 5.21065 3.04096
0.334 5.23578 3.01199
0.336 5.2586 2.9872
0.338 5.28017 2.96839
0.34 5.30486 2.95047
0.342 5.33396 2.9355
0.344 5.36585 2.92373
0.346 5.40538 2.91611
0.348 5.45054 2.91348
0.35 5.50564 2.91967
0.352 5.57313 2.92962
0.354 5.65961 2.94393
0.356 5.77829 2.95526
0.358 5.92675 2.95744
0.36 6.11459 2.92368
0.362 6.33026 2.83932
0.364 6.54571 2.6849
0.366 6.72819 2.4654
0.368 6.85519 2.19788
0.37 6.91532 1.91195
0.372 6.91082 1.62666
0.374 6.85151 1.36843
0.376 6.75105 1.14729
0.378 6.62932 0.964795
0.38 6.49899 0.81857
0.382 6.3615 0.699564
0.384 6.24543 0.613961
0.386 6.13798 0.544
0.388 6.03361 0.485524
0.39 5.93957 0.437199
0.392 5.85178 0.395636
0.394 5.77561 0.362582
0.396 5.7009 0.332778
0.398 5.62874 0.307315
0.4 5.56147 0.285908
0.402 5.50008 0.266468
0.404 5.44026 0.248604
0.406 5.38467 0.233323
0.408 5.33223 0.219379
0.41 5.28351 0.20692
0.412 5.2367 0.195198
0.414 5.19273 0.18513
0.416 5.14956 0.176174
0.418 5.10984 0.167482
0.42 5.073 0.160195
0.422 5.03739 0.153434
0.424 5.00206 0.145531
0.426 4.96901 0.139086
0.428 4.93778 0.133935
0.43 4.90868 0.128692
0.432 4.88033 0.123657
0.434 4.85335 0.11847
0.436 4.82984 0.114031
0.438 4.80346 0.110594
0.44 4.77858 0.106039
0.442 4.75437 0.102622
0.444 4.72956 0.09917
0.446 4.70643 0.095668
0.448 4.68368 0.092728
0.45 4.6633 0.089788
0.452 4.64175 0.086691
0.454 4.62138 0.084037
0.456 4.60166 0.081658
0.458 4.58252 0.079438
0.46 4.5639 0.077226
0.462 4.54573 0.074844
0.464 4.52808 0.072491
0.466 4.51104 0.070265
0.468 4.49458 0.068176
0.47 4.4787 0.06622
0.472 4.46346 0.064411
0.474 4.44848 0.062762
0.476 4.43318 0.061396
0.478 4.4179 0.060151
0.48 4.4032 0.058752
0.482 4.38954 0.056936
0.484 4.37632 0.055119
0.486 4.36298 0.05366
0.488 4.34978 0.052437
0.49 4.33723 0.051233
0.492 4.32574 0.049892
0.494 4.31461 0.04858
0.496 4.30329 0.047366
0.498 4.2919 0.046274
0.5 4.2807 0.045348
0.502 4.26985 0.044658
0.504 4.25917 0.044004
0.506 4.24854 0.043186
0.508 4.23803 0.042259
0.51 4.22777 0.041324
0.512 4.21784 0.04045
0.514 4.20828 0.039569
0.516 4.19931 0.038597
0.518 4.19076 0.037617
0.52 4.18243 0.036762
0.522 4.17413 0.036152
0.524 4.16594 0.035642
0.526 4.15786 0.035195
0.528 4.14983 0.034735
0.53 4.14173 0.034137
0.532 4.1334 0.033258
0.534 4.12527 0.032357
0.536 4.1179 0.031649
0.538 4.11099 0.031091
0.54 4.10403 0.030609
0.542 4.09661 0.030172
0.544 4.08913 0.029736
0.546 4.08178 0.029217
0.548 4.0746 0.02865
0.55 4.06766 0.028101
0.552 4.06108 0.027618
0.554 4.05463 0.027143
0.556 4.04804 0.026642
0.558 4.04144 0.026121
0.56 4.03509 0.025583
0.562 4.02917 0.025014
0.564 4.02341 0.024523
0.566 4.01762 0.024297
0.568 4.01181 0.024203
0.57 4.00605 0.024023
0.572 4.00037 0.023569
0.574 3.99476 0.023055
0.576 3.98924 0.022574
0.578 3.98383 0.022162
0.58 3.97857 0.021874
0.582 3.9735 0.021797
0.584 3.96856 0.021731
0.586 3.96376 0.021445
0.588 3.95902 0.021061
0.59 3.9542 0.020803
0.592 3.94916 0.020871
0.594 3.94417 0.020915
0.596 3.93951 0.020561
0.598 3.93502 0.020004
0.6 3.9304 0.019577
0.602 3.92536 0.019555
0.604 3.92049 0.019594
0.606 3.91643 0.019523
0.608 3.91284 0.0193
0.61 3.90918 0.018843
0.612 3.90498 0.018004
0.614 3.90075 0.017264
0.616 3.89686 0.017267
0.618 3.89314 0.017655
0.62 3.88923 0.017816
0.622 3.88484 0.017239
0.624 3.8806 0.016579
0.626 3.87722 0.016321
0.628 3.87433 0.016308
0.63 3.87129 0.016245
0.632 3.86762 0.015923
0.634 3.86384 0.01559
0.636 3.86015 0.015414
0.638 3.85661 0.015341
0.64 3.8533 0.015274
0.642 3.85035 0.015144
0.644 3.84741 0.015028
0.646 3.84414 0.015034
0.648 3.84058 0.015059
0.65 3.83676 0.014924
0.652 3.83258 0.014463
0.654 3.82873 0.013948
0.656 3.82634 0.013572
0.658 3.82465 0.013327
0.66 3.82237 0.013182
0.662 3.81835 0.013144
0.664 3.81419 0.013178
0.666 3.81105 0.013292
0.668 3.80868 0.013426
0.67 3.8066 0.013505
0.672 3.80461 0.013462
0.674 3.80249 0.013284
0.676 3.79975 0.012794
0.678 3.79659 0.012191
0.68 3.79337 0.011812
0.682 3.79029 0.011983
0.684 3.78747 0.012173
0.686 3.78541 0.011883
0.688 3.78369 0.011324
0.69 3.78162 0.010865
0.692 3.77856 0.010782
0.694 3.77553 0.010792
0.696 3.77367 0.01072
0.698 3.77232 0.010626
0.7 3.77036 0.010653
0.702 3.76683 0.010931
0.704 3.76315 0.011099
0.706 3.76046 0.010682
0.708 3.7584 0.009952
0.71 3.7563 0.009356
0.712 3.75373 0.009257
0.714 3.75109 0.009284
0.716 3.74858 0.00919
0.718 3.74618 0.009083
0.72 3.74382 0.009191
0.722 3.74146 0.009717
0.724 3.73923 0.010198
0.726 3.73717 0.010135
0.728 3.73537 0.00974
0.73 3.73406 0.009389
0.732 3.73349 0.009375
0.734 3.73286 0.009336
0.736 3.73133 0.008962
0.738 3.72915 0.008413
0.74 3.72669 0.007937
0.742 3.72414 0.007719
0.744 3.72182 0.007677
0.746 3.72038 0.008029
0.748 3.71945 0.008462
0.75 3.7184 0.008436
0.752 3.71676 0.007412
0.754 3.71489 0.006358
0.756 3.71292 0.006163
0.758 3.71084 0.006529
0.76 3.7086 0.006935
0.762 3.7061 0.007042
0.764 3.70381 0.007028
0.766 3.70233 0.006773
0.768 3.70138 0.006453
0.77 3.70049 0.00636
0.772 3.69934 0.006782
0.774 3.69797 0.007269
0.776 3.69597 0.007507
0.778 3.69373 0.007514
0.78 3.69194 0.007338
0.782 3.69129 0.006959
0.784 3.69047 0.006526
0.786 3.68793 0.006101
0.788 3.68458 0.005821
0.79 3.68199 0.005933
0.792 3.68147 0.006739
0.794 3.68135 0.007522
0.796 3.68071 0.007561
0.798 3.67948 0.00709
0.8 3.67755 0.006496
0.802 3.67456 0.006015
0.804 3.6716 0.005665
0.806 3.66965 0.005719
0.808 3.66862 0.005992
0.81 3.66844 0.006197
0.812 3.66932 0.006096
0.814 3.6699 0.005881
0.816 3.66856 0.00556
0.818 3.66582 0.00522
0.82 3.6625 0.004996
0.822 3.65902 0.005034
0.824 3.65596 0.005093
0.826 3.65456 0.004848
0.828 3.65418 0.004549
0.83 3.65368 0.004666
0.832 3.65209 0.005655
0.834 3.65096 0.006593
0.836 3.65092 0.007051
0.838 3.65264 0.006602
0.84 3.65674 0.004815
