nk
0.23 0.84 
SOPRA N&K Database
306
0.23 1.52474 3.62384
0.232 1.64355 3.49551
0.234 1.69363 3.43674
0.236 1.70027 3.4252
0.238 1.68955 3.43865
0.24 1.68209 3.45175
0.242 1.67916 3.46
0.244 1.68311 3.51011
0.246 1.68258 3.56351
0.248 1.68432 3.62043
0.25 1.69492 3.6803
0.252 1.71159 3.74609
0.254 1.73575 3.82204
0.256 1.74741 3.90751
0.258 1.77825 3.99607
0.26 1.80576 4.09502
0.262 1.8474 4.20295
0.264 1.90089 4.31412
0.266 1.96679 4.44308
0.268 2.04371 4.58143
0.27 2.15406 4.72433
0.272 2.29679 4.86819
0.274 2.46614 4.99711
0.276 2.65159 5.1122
0.278 2.87105 5.20665
0.28 3.09979 5.27456
0.282 3.33034 5.32035
0.284 3.60146 5.35364
0.286 3.89557 5.35113
0.288 4.20301 5.28144
0.29 4.49059 5.12703
0.292 4.72925 4.91355
0.294 4.88765 4.68184
0.296 4.98159 4.46423
0.298 5.03318 4.26642
0.3 5.06448 4.09359
0.302 5.07841 3.94523
0.304 5.07994 3.82129
0.306 5.07719 3.71398
0.308 5.07367 3.621
0.31 5.07674 3.53956
0.312 5.07416 3.46823
0.314 5.08066 3.40653
0.316 5.08703 3.35155
0.318 5.09131 3.30462
0.32 5.10631 3.25722
0.322 5.11214 3.2194
0.324 5.12355 3.18084
0.326 5.14194 3.14341
0.328 5.16594 3.10927
0.33 5.18356 3.07678
0.332 5.19874 3.04667
0.334 5.22578 3.01594
0.336 5.25029 2.99213
0.338 5.2743 2.96867
0.34 5.30124 2.94738
0.342 5.33389 2.93184
0.344 5.36549 2.91917
0.346 5.4015 2.91026
0.348 5.44479 2.90417
0.35 5.49781 2.90401
0.352 5.56231 2.90892
0.354 5.64408 2.91877
0.356 5.75222 2.9246
0.358 5.886 2.92787
0.36 6.05492 2.90309
0.362 6.25366 2.82993
0.364 6.46277 2.70096
0.366 6.65189 2.51186
0.368 6.79771 2.26735
0.37 6.88427 1.99102
0.372 6.90837 1.70132
0.374 6.8659 1.43182
0.376 6.77072 1.19176
0.378 6.65163 0.998273
0.38 6.5202 0.845807
0.382 6.37989 0.719429
0.384 6.25958 0.628192
0.386 6.15173 0.556487
0.388 6.04901 0.497803
0.39 5.95257 0.447766
0.392 5.86415 0.406872
0.394 5.7879 0.372812
0.396 5.71087 0.341727
0.398 5.63775 0.315263
0.4 5.57228 0.291767
0.402 5.50921 0.271161
0.404 5.4497 0.254336
0.406 5.39534 0.239069
0.408 5.34126 0.224358
0.41 5.29125 0.212016
0.412 5.2446 0.200154
0.414 5.20121 0.18973
0.416 5.15893 0.180348
0.418 5.11706 0.171274
0.42 5.08015 0.163005
0.422 5.04452 0.156314
0.424 5.00875 0.149136
0.426 4.97646 0.143175
0.428 4.9444 0.137113
0.43 4.91572 0.131372
0.432 4.88744 0.12617
0.434 4.86016 0.121579
0.436 4.83602 0.117086
0.438 4.81035 0.113655
0.44 4.78542 0.108632
0.442 4.76109 0.105652
0.444 4.73756 0.10179
0.446 4.71354 0.09847
0.448 4.69082 0.095214
0.45 4.66869 0.091198
0.452 4.64783 0.088559
0.454 4.62756 0.085867
0.456 4.60791 0.083377
0.458 4.58882 0.081056
0.46 4.57017 0.07889
0.462 4.5518 0.076875
0.464 4.53401 0.074835
0.466 4.5171 0.072424
0.468 4.50091 0.06989
0.47 4.48517 0.067642
0.472 4.4697 0.066037
0.474 4.45451 0.064615
0.476 4.43941 0.06307
0.478 4.42453 0.061459
0.48 4.4101 0.05991
0.482 4.39632 0.058495
0.484 4.38282 0.057113
0.486 4.36911 0.055676
0.488 4.35554 0.054226
0.49 4.34269 0.052836
0.492 4.33105 0.051562
0.494 4.31996 0.050352
0.496 4.30906 0.049181
0.498 4.29825 0.048057
0.5 4.28735 0.047007
0.502 4.27614 0.04606
0.504 4.26513 0.0451
0.506 4.25485 0.043947
0.508 4.24511 0.042722
0.51 4.23558 0.041623
0.512 4.22603 0.040825
0.514 4.21654 0.04011
0.516 4.20697 0.039346
0.518 4.19746 0.038545
0.52 4.1882 0.037733
0.522 4.17938 0.036909
0.524 4.17082 0.036123
0.526 4.16244 0.035451
0.528 4.15426 0.034856
0.53 4.1464 0.034291
0.532 4.13902 0.033729
0.534 4.13158 0.033106
0.536 4.12329 0.032229
0.538 4.11469 0.031271
0.54 4.10671 0.030519
0.542 4.10013 0.030235
0.544 4.09394 0.030055
0.546 4.08745 0.029734
0.548 4.08076 0.029294
0.55 4.07408 0.028796
0.552 4.06752 0.028253
0.554 4.06097 0.027677
0.556 4.05433 0.027086
0.558 4.04767 0.026485
0.56 4.04108 0.025857
0.562 4.03461 0.025175
0.564 4.02839 0.024624
0.566 4.02283 0.024527
0.568 4.01761 0.024652
0.57 4.01224 0.024615
0.572 4.00628 0.02408
0.574 4.00022 0.023473
0.576 3.99426 0.023103
0.578 3.98848 0.022878
0.58 3.98293 0.022614
0.582 3.97772 0.022171
0.584 3.97275 0.021788
0.586 3.96801 0.021751
0.588 3.96342 0.02187
0.59 3.95888 0.021831
0.592 3.95428 0.021371
0.594 3.94968 0.020786
0.596 3.94507 0.020189
0.598 3.94047 0.019649
0.6 3.93589 0.019257
0.602 3.93134 0.019128
0.604 3.92684 0.019099
0.606 3.92239 0.019109
0.608 3.91799 0.019088
0.61 3.91362 0.01893
0.612 3.90927 0.018511
0.614 3.90497 0.018038
0.616 3.90075 0.017681
0.618 3.89664 0.017405
0.62 3.89276 0.017145
0.622 3.88921 0.01687
0.624 3.8858 0.016587
0.626 3.88243 0.016243
0.628 3.8791 0.015906
0.63 3.8759 0.015697
0.632 3.87293 0.01574
0.634 3.8698 0.015797
0.636 3.866 0.015629
0.638 3.86183 0.015332
0.64 3.85774 0.015079
0.642 3.85408 0.015003
0.644 3.85067 0.014931
0.646 3.84764 0.014716
0.648 3.84479 0.014424
0.65 3.84184 0.014167
0.652 3.83846 0.014031
0.654 3.83515 0.013928
0.656 3.83244 0.013838
0.658 3.82999 0.013726
0.66 3.82719 0.013536
0.662 3.82349 0.013192
0.664 3.81983 0.012876
0.666 3.8172 0.012823
0.668 3.81506 0.012892
0.67 3.81249 0.012822
0.672 3.80867 0.012379
0.674 3.8048 0.011982
0.676 3.80183 0.012102
0.678 3.79947 0.012474
0.68 3.7972 0.012642
0.682 3.79469 0.012224
0.684 3.79216 0.011733
0.686 3.78967 0.011601
0.688 3.7872 0.011639
0.69 3.7847 0.011485
0.692 3.78214 0.010833
0.694 3.77951 0.010233
0.696 3.77666 0.010221
0.698 3.77378 0.010577
0.7 3.77117 0.010936
0.702 3.76913 0.011048
0.704 3.76713 0.011032
0.706 3.76455 0.010828
0.708 3.76176 0.010499
0.71 3.75938 0.010121
0.712 3.75799 0.009748
0.714 3.75665 0.00946
0.716 3.75456 0.009433
0.718 3.75196 0.00957
0.72 3.74931 0.00969
0.722 3.74687 0.009639
0.724 3.7445 0.009663
0.726 3.74205 0.010165
0.728 3.73975 0.010772
0.73 3.73801 0.010828
0.732 3.73728 0.009706
0.734 3.73658 0.008504
0.736 3.73493 0.008223
0.738 3.73265 0.008518
0.74 3.73027 0.00879
0.742 3.72816 0.008631
0.744 3.72604 0.008319
0.746 3.72362 0.007773
0.748 3.72125 0.007203
0.75 3.71959 0.006945
0.752 3.71931 0.007338
0.754 3.719 0.007854
0.756 3.71731 0.008137
0.758 3.71466 0.008189
0.76 3.71168 0.008044
0.762 3.70867 0.007666
0.764 3.70618 0.007166
0.766 3.70556 0.006501
0.768 3.70583 0.005886
0.77 3.70539 0.005681
0.772 3.70282 0.006272
0.774 3.69987 0.006936
0.776 3.69763 0.007044
0.778 3.69593 0.006748
0.78 3.6944 0.006295
0.782 3.69291 0.005791
0.784 3.69138 0.005447
0.786 3.68954 0.005619
0.788 3.68759 0.006188
0.79 3.68577 0.00703
0.792 3.68431 0.008144
0.794 3.68317 0.008902
0.796 3.68278 0.008316
0.798 3.68262 0.00691
0.8 3.68182 0.005483
0.802 3.67956 0.004614
0.804 3.6771 0.004209
0.806 3.6755 0.004807
0.808 3.6744 0.005936
0.81 3.67314 0.006881
0.812 3.67123 0.00704
0.814 3.66933 0.006828
0.816 3.66799 0.006147
0.818 3.66696 0.005285
0.82 3.66573 0.004675
0.822 3.66386 0.00474
0.824 3.66227 0.005005
0.826 3.6622 0.005255
0.828 3.66276 0.005433
0.83 3.66229 0.005481
0.832 3.65927 0.0053
0.834 3.65637 0.005005
0.836 3.65476 0.004635
0.838 3.65559 0.004227
0.84 3.66003 0.003821
