nk
0.163138 2.4797 
SOPRA N&K Database
356
0.163138 0.52512 2.16784
0.163569 0.532938 2.17386
0.164002 0.540312 2.18009
0.164437 0.547265 2.18652
0.164874 0.55382 2.19316
0.165314 0.56 2.2
0.165756 0.565828 2.20703
0.1662 0.571327 2.21424
0.166647 0.57652 2.22164
0.167096 0.58143 2.22921
0.167548 0.58608 2.23696
0.168002 0.590493 2.24487
0.168458 0.594693 2.25294
0.168917 0.598702 2.26117
0.169379 0.602543 2.26955
0.169843 0.60624 2.27808
0.170309 0.609816 2.28675
0.170778 0.613293 2.29555
0.17125 0.616695 2.30448
0.171725 0.620043 2.31354
0.172202 0.623357 2.32272
0.172681 0.626648 2.33202
0.173164 0.629956 2.34143
0.173649 0.633314 2.35094
0.174136 0.636749 2.36055
0.174627 0.640275 2.37025
0.17512 0.64389 2.38005
0.175616 0.647666 2.38992
0.176115 0.651638 2.39986
0.176617 0.655869 2.40985
0.177122 0.660451 2.41987
0.177629 0.665588 2.42986
0.17814 0.671088 2.43986
0.178653 0.676866 2.44993
0.179169 0.682873 2.46006
0.179689 0.689094 2.47026
0.180211 0.695495 2.48053
0.180736 0.702052 2.4909
0.181265 0.708745 2.50137
0.181796 0.715539 2.51198
0.182331 0.722385 2.52274
0.182869 0.729193 2.53371
0.18341 0.736023 2.54485
0.183954 0.7429 2.55613
0.184502 0.749825 2.56755
0.185053 0.756779 2.57912
0.185607 0.763729 2.59084
0.186164 0.770721 2.60269
0.186725 0.777781 2.61465
0.187289 0.784927 2.6267
0.187856 0.792171 2.63882
0.188427 0.799531 2.65099
0.189002 0.807015 2.66321
0.18958 0.814625 2.67549
0.190161 0.822381 2.68781
0.190746 0.830316 2.7002
0.191335 0.838507 2.71271
0.191928 0.846873 2.72524
0.192524 0.855373 2.73774
0.193123 0.863986 2.75016
0.193727 0.872712 2.76253
0.194334 0.881561 2.77491
0.194945 0.890479 2.78712
0.19556 0.899436 2.79907
0.196179 0.908392 2.81064
0.196802 0.917295 2.82163
0.197429 0.926031 2.83164
0.198059 0.934694 2.84106
0.198694 0.943327 2.85011
0.199333 0.951942 2.85885
0.199976 0.960517 2.86723
0.200623 0.968997 2.87506
0.201275 0.977483 2.88277
0.20193 0.986361 2.89108
0.20259 0.995349 2.89977
0.203254 1.0035 2.90763
0.203923 1.00005 2.90534
0.204596 0.995253 2.90138
0.205273 0.992848 2.89873
0.205955 0.996564 2.90035
0.206642 1.01014 2.9092
0.207333 1.03522 2.92833
0.208029 1.04698 2.94214
0.208729 1.0655 2.93903
0.209434 1.0687 2.96087
0.210144 1.08037 2.97983
0.210859 1.09032 2.98963
0.211579 1.10141 3.00348
0.212303 1.10974 3.01565
0.213033 1.1188 3.02508
0.213768 1.13254 3.04478
0.214507 1.13911 3.06055
0.215252 1.15479 3.07263
0.216002 1.16458 3.08631
0.216757 1.17512 3.1027
0.217518 1.18589 3.11962
0.218284 1.19509 3.13499
0.219055 1.21069 3.15008
0.219832 1.22184 3.16915
0.220614 1.23471 3.19007
0.221402 1.24747 3.20674
0.222196 1.26525 3.22793
0.222995 1.28067 3.24533
0.2238 1.2984 3.26703
0.224611 1.31861 3.28519
0.225428 1.33997 3.30158
0.22625 1.36205 3.31862
0.227079 1.38926 3.33442
0.227914 1.41626 3.34957
0.228755 1.44469 3.35933
0.229602 1.47176 3.36639
0.230456 1.50138 3.36856
0.231316 1.52611 3.36746
0.232182 1.54821 3.36375
0.233055 1.56555 3.35851
0.233934 1.57855 3.35286
0.23482 1.58549 3.34632
0.235713 1.58987 3.34426
0.236613 1.5914 3.34369
0.23752 1.59189 3.34714
0.238433 1.5887 3.35363
0.239354 1.58614 3.36306
0.240281 1.58156 3.37556
0.241216 1.57829 3.38949
0.242159 1.57377 3.40823
0.243108 1.57107 3.42925
0.244065 1.56968 3.45084
0.24503 1.56882 3.47687
0.246002 1.56829 3.50371
0.246982 1.5689 3.53349
0.24797 1.57045 3.56474
0.248966 1.57495 3.59785
0.24997 1.57956 3.63254
0.250982 1.58428 3.67001
0.252002 1.59086 3.70933
0.253031 1.59704 3.74919
0.254068 1.60842 3.78895
0.255114 1.61756 3.83512
0.256168 1.62913 3.88012
0.257231 1.6432 3.92858
0.258302 1.65768 3.97909
0.259383 1.67327 4.03148
0.260473 1.69203 4.08838
0.261572 1.71318 4.14868
0.26268 1.7371 4.21115
0.263798 1.76411 4.2781
0.264926 1.7939 4.35062
0.266063 1.83134 4.42619
0.267209 1.8745 4.5063
0.268366 1.92745 4.59051
0.269533 1.98794 4.67808
0.27071 2.05927 4.76457
0.271897 2.14091 4.84967
0.273095 2.23435 4.93322
0.274303 2.33896 5.01133
0.275523 2.45173 5.08196
0.276753 2.57196 5.14776
0.277994 2.69982 5.20607
0.279246 2.83395 5.25773
0.280509 2.97449 5.30401
0.281785 3.12072 5.34382
0.283071 3.27712 5.38063
0.28437 3.44476 5.41369
0.28568 3.63446 5.43532
0.287003 3.85005 5.43846
0.288338 4.08699 5.39494
0.289685 4.31959 5.29987
0.291045 4.52564 5.15633
0.292418 4.6864 4.98743
0.293804 4.80472 4.81095
0.295203 4.88813 4.63919
0.296615 4.94119 4.47989
0.298041 4.97698 4.33429
0.299481 4.99945 4.20392
0.300935 5.01238 4.08585
0.302403 5.0196 3.97912
0.303885 5.02102 3.8845
0.305382 5.02014 3.79821
0.306894 5.0176 3.72005
0.308421 5.01459 3.64962
0.309963 5.01056 3.58645
0.311521 5.00866 3.52886
0.313094 5.0098 3.4767
0.314683 5.00902 3.42926
0.316289 5.01197 3.3855
0.317911 5.016 3.34601
0.319549 5.02156 3.30958
0.321205 5.02933 3.27515
0.322878 5.03963 3.2418
0.324569 5.05227 3.21103
0.326277 5.06495 3.18167
0.328003 5.07904 3.15405
0.329748 5.09542 3.12746
0.331511 5.11457 3.10259
0.333293 5.1345 3.07897
0.335095 5.15552 3.05762
0.336916 5.17913 3.03873
0.338757 5.20403 3.02096
0.340619 5.23097 3.00651
0.342501 5.26146 2.99489
0.344403 5.29565 2.98661
0.346327 5.33564 2.98257
0.348273 5.38341 2.98356
0.350241 5.44173 2.98909
0.352231 5.5149 2.99908
0.354243 5.60989 3.01434
0.356279 5.73358 3.02673
0.358339 5.89402 3.02214
0.360422 6.08828 2.98097
0.36253 6.30723 2.88014
0.364662 6.52147 2.70489
0.36682 6.69487 2.45554
0.369004 6.79634 2.16783
0.371213 6.8289 1.86846
0.373449 6.79788 1.57646
0.375713 6.70742 1.31987
0.378004 6.58566 1.10942
0.380323 6.45226 0.944582
0.38267 6.31582 0.814854
0.385047 6.18508 0.713793
0.387454 6.06231 0.629792
0.389891 5.94805 0.561032
0.392358 5.84163 0.504621
0.394857 5.74364 0.455556
0.397388 5.65376 0.416402
0.399952 5.56993 0.387951
0.402549 5.49236 0.355825
0.40518 5.42003 0.328277
0.407846 5.34916 0.312384
0.410547 5.28362 0.291263
0.413284 5.23397 0.27769
0.416058 5.17494 0.260652
0.418869 5.11913 0.245284
0.421718 5.06625 0.231422
0.424607 5.01599 0.218948
0.427535 4.9681 0.207728
0.430504 4.92238 0.197567
0.433515 4.87867 0.188201
0.436568 4.83684 0.179366
0.439664 4.79677 0.170884
0.442804 4.75835 0.162748
0.44599 4.72143 0.155114
0.449222 4.6859 0.148216
0.452501 4.65166 0.142213
0.455828 4.61864 0.137049
0.459204 4.58678 0.132398
0.462631 4.55608 0.12774
0.46611 4.52648 0.122554
0.469641 4.49797 0.116542
0.473226 4.47048 0.109763
0.476866 4.44393 0.102604
0.480563 4.41824 0.095608
0.484317 4.39332 0.089255
0.488131 4.36911 0.08381
0.492005 4.34556 0.079283
0.495941 4.32264 0.075494
0.49994 4.30034 0.072168
0.504005 4.27865 0.069033
0.508136 4.25754 0.065883
0.512335 4.237 0.062614
0.516605 4.21701 0.059244
0.520946 4.19754 0.055883
0.525361 4.17856 0.052684
0.529851 4.16005 0.049764
0.534419 4.14198 0.047151
0.539066 4.12435 0.04478
0.543795 4.10716 0.042548
0.548607 4.0904 0.040379
0.553505 4.07406 0.038263
0.558492 4.05814 0.036251
0.563569 4.04262 0.034407
0.568739 4.02748 0.032777
0.574005 4.0127 0.031364
0.57937 3.99829 0.030131
0.584836 3.98423 0.029015
0.590406 3.97051 0.027945
0.596083 3.9571 0.026863
0.60187 3.94399 0.025738
0.60777 3.93115 0.024566
0.613788 3.91857 0.023358
0.619926 3.90623 0.022133
0.626188 3.89307 0.021469
0.632577 3.88148 0.019537
0.639099 3.87026 0.01771
0.645756 3.85831 0.016782
0.652554 3.84675 0.016363
0.659496 3.83675 0.015719
0.666587 3.82573 0.01495
0.673833 3.8151 0.014041
0.681237 3.80537 0.013466
0.688807 3.79646 0.013035
0.696546 3.78732 0.012507
0.704461 3.77801 0.011911
0.712559 3.76841 0.011365
0.720844 3.76046 0.010861
0.729325 3.75218 0.010452
0.738007 3.74493 0.009938
0.746899 3.73629 0.00934
0.756007 3.72758 0.008769
0.765341 3.72091 0.008231
0.774907 3.71375 0.007719
0.784716 3.70525 0.007187
0.794777 3.69708 0.006634
0.805099 3.6877 0.006116
0.815692 3.68094 0.00561
0.826568 3.67186 0.005288
0.837738 3.6631 0.004982
0.849214 3.6548 0.004688
0.861008 3.64667 0.004426
0.873135 3.63873 0.004198
0.885608 3.6313 0.003987
0.898443 3.62484 0.00378
0.911656 3.6189 0.003583
0.925263 3.61328 0.003396
0.939282 3.60785 0.003216
0.953732 3.6025 0.003033
0.968634 3.597 0.002825
0.984009 3.59149 0.002618
0.99988 3.58602 0.002419
1.01627 3.58059 0.002241
1.03321 3.57517 0.002101
1.05072 3.5697 0.002045
1.06884 3.56424 0.00202
1.08759 3.55878 0.002006
1.10701 3.55334 0.001982
1.12714 3.54789 0.001926
1.14801 3.5424 0.001787
1.16967 3.53693 0.00161
1.19217 3.53152 0.001415
1.21554 3.52619 0.001212
1.23985 3.52099 0.000999
1.26515 3.51601 0.000778
1.29151 3.51117 0.000562
1.31899 3.50646 0.000354
1.34767 3.50186 0.000169
1.37761 3.49736 3.1e-05
1.40892 3.49292 1e-06
1.44169 3.48859 0
1.47601 3.48438 0
1.51201 3.48032 0
1.54981 3.47641 0
1.58955 3.47269 0
1.63138 3.46914 0
1.67548 3.46575 0
1.72202 3.46254 0
1.77122 3.4595 0
1.82331 3.45664 0
1.87856 3.45397 0
1.93727 3.45141 0
1.99976 3.44904 0
2.06642 3.4471 0
2.13768 3.44613 0
2.21402 3.44548 0
2.29602 3.44488 0
2.38433 3.44406 0
2.4797 3.44275 0
