nk
0.24 0.84 
SOPRA N&K Database
301
0.24 1.6378 3.233
0.242 1.6374 3.2513
0.244 1.6405 3.2598
0.246 1.6577 3.348
0.248 1.6761 3.405
0.25 1.6875 3.4568
0.252 1.7172 3.5103
0.254 1.7678 3.5852
0.256 1.7825 3.6462
0.258 1.8259 3.719
0.26 1.8705 3.7812
0.262 1.9053 3.8655
0.264 1.9544 3.9433
0.266 2.0189 4.0205
0.268 2.088 4.1114
0.27 2.1547 4.1983
0.272 2.2481 4.2981
0.274 2.3563 4.3913
0.276 2.4781 4.4812
0.278 2.6083 4.5697
0.28 2.7819 4.6575
0.282 2.9751 4.7301
0.284 3.1869 4.7549
0.286 3.4259 4.751
0.288 3.6734 4.6889
0.29 3.8799 4.5852
0.292 4.0445 4.4526
0.294 4.1708 4.3096
0.296 4.2805 4.1586
0.298 4.3326 4.0211
0.3 4.3842 3.897
0.302 4.42391 3.77412
0.304 4.4475 3.67
0.306 4.45976 3.58078
0.308 4.4655 3.5026
0.31 4.47136 3.42985
0.312 4.4766 3.3639
0.314 4.48293 3.30479
0.316 4.4896 3.2509
0.318 4.49617 3.20066
0.32 4.5034 3.1539
0.322 4.51257 3.10981
0.324 4.5217 3.0687
0.326 4.52863 3.03085
0.328 4.5352 2.9955
0.33 4.54251 2.96178
0.332 4.5506 2.9303
0.334 4.56065 2.9014
0.336 4.5703 2.875
0.338 4.57614 2.85191
0.34 4.5825 2.8298
0.342 4.59416 2.80567
0.344 4.6064 2.7824
0.346 4.61449 2.76269
0.348 4.6233 2.744
0.35 4.63712 2.72421
0.352 4.6529 2.7047
0.354 4.66911 2.68608
0.356 4.6855 2.6686
0.358 4.7007 2.65311
0.36 4.7166 2.6384
0.362 4.7348 2.62369
0.364 4.7548 2.6085
0.366 4.77699 2.59221
0.368 4.8003 2.5744
0.37 4.82367 2.55425
0.372 4.8474 2.5323
0.374 4.87176 2.50809
0.376 4.8957 2.4838
0.378 4.91783 2.46271
0.38 4.9395 2.4411
0.382 4.96218 2.41541
0.384 4.9841 2.3885
0.386 5.00363 2.36229
0.388 5.0218 2.336
0.39 5.039 2.30914
0.392 5.0555 2.2828
0.394 5.07142 2.25776
0.396 5.0876 2.2344
0.398 5.10512 2.21363
0.4 5.1233 2.1946
0.402 5.14121 2.17711
0.404 5.1607 2.1601
0.406 5.18363 2.14241
0.408 5.209 2.1241
0.41 5.23657 2.10493
0.412 5.266 2.0846
0.414 5.29676 2.06314
0.416 5.3292 2.0394
0.418 5.36347 2.01254
0.42 5.3997 1.9817
0.422 5.43577 1.94639
0.424 5.47127 1.90778
0.426 5.50582 1.866
0.428 5.53902 1.82119
0.43 5.5705 1.7735
0.432 5.59988 1.72306
0.434 5.62677 1.67001
0.436 5.65079 1.61449
0.438 5.67156 1.55664
0.44 5.6887 1.4966
0.442 5.70042 1.43246
0.444 5.7081 1.36691
0.446 5.71169 1.30062
0.448 5.71117 1.23423
0.45 5.7065 1.1684
0.452 5.69616 1.10492
0.454 5.68198 1.04301
0.456 5.6643 0.983045
0.458 5.64346 0.925386
0.46 5.6198 0.8704
0.462 5.5933 0.820074
0.464 5.56476 0.772749
0.466 5.53459 0.728388
0.468 5.50323 0.686951
0.47 5.4711 0.6484
0.472 5.43963 0.613203
0.474 5.408 0.580689
0.476 5.37639 0.550694
0.478 5.345 0.523053
0.48 5.314 0.4976
0.482 5.28401 0.474328
0.484 5.25467 0.452876
0.486 5.22604 0.43304
0.488 5.19819 0.414616
0.49 5.1712 0.3974
0.492 5.14555 0.38057
0.494 5.12079 0.364695
0.496 5.09688 0.349725
0.498 5.0738 0.33561
0.5 5.0515 0.3223
0.502 5.03022 0.309609
0.504 5.00958 0.297658
0.506 4.9895 0.286434
0.508 4.96988 0.275919
0.51 4.9506 0.2661
0.512 4.93089 0.257143
0.514 4.91151 0.248806
0.516 4.89252 0.241026
0.518 4.87399 0.233745
0.52 4.856 0.2269
0.522 4.83924 0.220306
0.524 4.823 0.214059
0.526 4.80721 0.208129
0.528 4.79177 0.202486
0.53 4.7766 0.1971
0.532 4.76094 0.191882
0.534 4.74555 0.186877
0.536 4.73053 0.182071
0.538 4.71595 0.17745
0.54 4.7019 0.173
0.542 4.68928 0.168648
0.544 4.67717 0.164452
0.546 4.66544 0.160412
0.548 4.65399 0.156528
0.55 4.6427 0.1528
0.552 4.63071 0.149292
0.554 4.61883 0.145924
0.556 4.60715 0.14268
0.558 4.59571 0.139544
0.56 4.5846 0.1365
0.562 4.57461 0.133599
0.564 4.56491 0.130742
0.566 4.55538 0.127894
0.568 4.54591 0.125025
0.57 4.5364 0.1221
0.572 4.52586 0.118687
0.574 4.51527 0.115254
0.576 4.50473 0.111866
0.578 4.49434 0.108593
0.58 4.4842 0.1055
0.582 4.47502 0.103142
0.584 4.46616 0.100977
0.586 4.45756 0.098951
0.588 4.44919 0.09701
0.59 4.441 0.0951
0.592 4.43285 0.092746
0.594 4.42482 0.090419
0.596 4.41686 0.088169
0.598 4.40897 0.086046
0.6 4.4011 0.0841
0.602 4.39292 0.082802
0.604 4.3848 0.081677
0.606 4.3768 0.080671
0.608 4.36898 0.07973
0.61 4.3614 0.0788
0.612 4.3548 0.077528
0.614 4.34838 0.076232
0.616 4.34202 0.074932
0.618 4.3356 0.073648
0.62 4.329 0.0724
0.622 4.32097 0.071237
0.624 4.31282 0.070142
0.626 4.30471 0.06913
0.628 4.29682 0.068211
0.63 4.2893 0.0674
0.632 4.28326 0.066914
0.634 4.27771 0.066509
0.636 4.27257 0.066147
0.638 4.26779 0.06579
0.64 4.2633 0.0654
0.642 4.25913 0.06479
0.644 4.25509 0.064107
0.646 4.2511 0.063349
0.648 4.24707 0.062514
0.65 4.2429 0.0616
0.652 4.23779 0.060642
0.654 4.23255 0.059593
0.656 4.22728 0.058443
0.658 4.22206 0.057182
0.66 4.217 0.0558
0.662 4.21298 0.053873
0.664 4.20909 0.051906
0.666 4.20523 0.049994
0.668 4.2013 0.048227
0.67 4.1972 0.0467
0.672 4.19215 0.04617
0.674 4.18687 0.045899
0.676 4.18143 0.045813
0.678 4.17588 0.045838
0.68 4.1703 0.0459
0.682 4.16467 0.045558
0.684 4.15914 0.045199
0.686 4.15378 0.044841
0.688 4.14867 0.044502
0.69 4.1439 0.0442
0.692 4.14011 0.044172
0.694 4.13666 0.044164
0.696 4.13349 0.04414
0.698 4.13052 0.044064
0.7 4.1277 0.0439
0.702 4.12495 0.043282
0.704 4.12221 0.042587
0.706 4.11942 0.041861
0.708 4.1165 0.04115
0.71 4.1134 0.0405
0.712 4.10931 0.040275
0.714 4.10509 0.040126
0.716 4.10086 0.040018
0.718 4.09672 0.039921
0.72 4.0928 0.0398
0.722 4.09011 0.039495
0.724 4.08765 0.039134
0.726 4.08531 0.038714
0.728 4.083 0.038237
0.73 4.0806 0.0377
0.732 4.07733 0.037014
0.734 4.07394 0.036289
0.736 4.07049 0.035547
0.738 4.06706 0.03481
0.74 4.0637 0.0341
0.742 4.06085 0.033578
0.744 4.05812 0.033091
0.746 4.05549 0.032625
0.748 4.05292 0.032166
0.75 4.0504 0.0317
0.752 4.04769 0.031109
0.754 4.04502 0.03051
0.756 4.04244 0.029918
0.758 4.03995 0.029343
0.76 4.0376 0.0288
0.762 4.03593 0.028378
0.764 4.03431 0.027993
0.766 4.03265 0.027639
0.768 4.03085 0.02731
0.77 4.0288 0.027
0.772 4.02546 0.026743
0.774 4.0219 0.026482
0.776 4.01827 0.026198
0.778 4.01469 0.025877
0.78 4.0113 0.0255
0.782 4.00906 0.024914
0.784 4.00708 0.024273
0.786 4.00527 0.023595
0.788 4.00357 0.022898
0.79 4.0019 0.0222
0.792 4.0001 0.021364
0.794 3.99821 0.0206
0.796 3.99618 0.019964
0.798 3.99396 0.019512
0.8 3.9915 0.0193
0.802 3.98789 0.020021
0.804 3.98416 0.020934
0.806 3.98048 0.021938
0.808 3.977 0.022927
0.81 3.9739 0.0238
0.812 3.97309 0.024014
0.814 3.97255 0.024015
0.816 3.972 0.023809
0.818 3.97118 0.023402
0.82 3.9698 0.0228
0.822 3.96539 0.021306
0.824 3.96043 0.019807
0.826 3.95521 0.018485
0.828 3.95001 0.017522
0.83 3.9451 0.0171
0.832 3.94077 0.017402
0.834 3.93729 0.018611
0.836 3.93495 0.020909
0.838 3.93403 0.024478
0.84 3.9348 0.0295
