nk
0.24 0.84 
SOPRA N&K Database
301
0.24 1.7538 3.2658
0.242 1.7237 3.3179
0.244 1.7035 3.3431
0.246 1.7117 3.3816
0.248 1.7278 3.447
0.25 1.752 3.5053
0.252 1.79 3.5643
0.254 1.827 3.637
0.256 1.8611 3.7103
0.258 1.9101 3.7657
0.26 1.9528 3.8498
0.262 2.0071 3.9124
0.264 2.0703 3.9886
0.266 2.1324 4.0782
0.268 2.2123 4.168
0.27 2.2973 4.2583
0.272 2.3995 4.3425
0.274 2.5098 4.4273
0.276 2.647 4.5218
0.278 2.8057 4.596
0.28 2.9903 4.6751
0.282 3.2056 4.7188
0.284 3.4363 4.7215
0.286 3.6797 4.6788
0.288 3.8959 4.5845
0.29 4.0975 4.4518
0.292 4.2374 4.3042
0.294 4.3572 4.1404
0.296 4.4249 3.9899
0.298 4.4836 3.8448
0.3 4.5082 3.7206
0.302 4.52713 3.60534
0.304 4.5404 3.5017
0.306 4.54887 3.40909
0.308 4.5534 3.3269
0.31 4.55443 3.25521
0.312 4.5541 3.1914
0.314 4.55493 3.13295
0.316 4.5563 3.0796
0.318 4.55852 3.03013
0.32 4.5613 2.9849
0.322 4.56454 2.94473
0.324 4.568 2.9071
0.326 4.57128 2.86921
0.328 4.5747 2.8328
0.33 4.57848 2.79859
0.332 4.5825 2.7668
0.334 4.58667 2.73843
0.336 4.5912 2.7119
0.338 4.59589 2.68581
0.34 4.6018 2.6606
0.342 4.61081 2.6361
0.344 4.6203 2.6128
0.346 4.62748 2.59141
0.348 4.6348 2.5711
0.35 4.64372 2.55128
0.352 4.6544 2.5319
0.354 4.66811 2.51267
0.356 4.683 2.4937
0.358 4.69722 2.47527
0.36 4.7121 2.4566
0.362 4.72832 2.4368
0.364 4.746 2.4165
0.366 4.766 2.39633
0.368 4.7867 2.3754
0.37 4.80692 2.35329
0.372 4.8262 2.3292
0.374 4.84352 2.30179
0.376 4.8593 2.2723
0.378 4.87373 2.24074
0.38 4.8864 2.2095
0.382 4.89661 2.18173
0.384 4.9055 2.1551
0.386 4.9139 2.12838
0.388 4.922 2.1015
0.39 4.93059 2.07339
0.392 4.9387 2.0459
0.394 4.94556 2.02034
0.396 4.9513 1.9972
0.398 4.95503 1.97809
0.4 4.9591 1.9609
0.402 4.96597 1.94362
0.404 4.9744 1.9275
0.406 4.98387 1.91344
0.408 4.9947 1.9004
0.41 5.00692 1.88771
0.412 5.0209 1.8751
0.414 5.0371 1.86197
0.416 5.0553 1.8486
0.418 5.07545 1.83506
0.42 5.0975 1.8214
0.422 5.12195 1.80512
0.424 5.14712 1.78679
0.426 5.17284 1.76639
0.428 5.19895 1.74388
0.43 5.2253 1.7192
0.432 5.25171 1.69233
0.434 5.27803 1.66322
0.436 5.3041 1.63184
0.438 5.32974 1.59815
0.44 5.3548 1.5621
0.442 5.37978 1.52366
0.444 5.40369 1.4828
0.446 5.4262 1.43946
0.448 5.44698 1.3936
0.45 5.4657 1.3452
0.452 5.48269 1.29207
0.454 5.4968 1.23684
0.456 5.50755 1.18001
0.458 5.51445 1.12206
0.46 5.517 1.0635
0.462 5.51105 1.00411
0.464 5.5007 0.94526
0.466 5.48637 0.887629
0.468 5.4685 0.831886
0.47 5.4475 0.7787
0.472 5.42374 0.731901
0.474 5.39774 0.68821
0.476 5.36993 0.647509
0.478 5.34077 0.609679
0.48 5.3107 0.5746
0.482 5.28075 0.542281
0.484 5.25064 0.512442
0.486 5.22066 0.484934
0.488 5.19111 0.459603
0.49 5.1623 0.4363
0.492 5.13594 0.414927
0.494 5.11056 0.395266
0.496 5.08609 0.377151
0.498 5.06249 0.360417
0.5 5.0397 0.3449
0.502 5.01793 0.330269
0.504 4.99678 0.316566
0.506 4.97614 0.30367
0.508 4.95589 0.291455
0.51 4.9359 0.2798
0.512 4.91527 0.267809
0.514 4.89486 0.256325
0.516 4.87472 0.245415
0.518 4.85495 0.23515
0.52 4.8356 0.2256
0.522 4.81703 0.217266
0.524 4.79897 0.209677
0.526 4.78141 0.202795
0.528 4.76435 0.196582
0.53 4.7478 0.191
0.532 4.73173 0.186333
0.534 4.71617 0.182138
0.536 4.70115 0.178298
0.538 4.68665 0.174691
0.54 4.6727 0.1712
0.542 4.65946 0.167401
0.544 4.64674 0.163554
0.546 4.63451 0.159618
0.548 4.62274 0.155547
0.55 4.6114 0.1513
0.552 4.60086 0.146574
0.554 4.5906 0.141649
0.556 4.58047 0.136547
0.558 4.57035 0.13129
0.56 4.5601 0.1259
0.562 4.54892 0.119819
0.564 4.53753 0.113791
0.566 4.52595 0.107985
0.568 4.51423 0.102566
0.57 4.5024 0.0977
0.572 4.4903 0.094623
0.574 4.47821 0.092166
0.576 4.46622 0.090226
0.578 4.45442 0.088705
0.58 4.4429 0.0875
0.582 4.43222 0.086226
0.584 4.42187 0.085139
0.586 4.41181 0.084209
0.588 4.402 0.083406
0.59 4.3924 0.0827
0.592 4.3826 0.081864
0.594 4.37305 0.081116
0.596 4.36379 0.080476
0.598 4.35489 0.079964
0.6 4.3464 0.0796
0.602 4.3387 0.079753
0.604 4.33146 0.080006
0.606 4.32466 0.080294
0.608 4.31828 0.080547
0.61 4.3123 0.0807
0.612 4.30723 0.080397
0.614 4.3024 0.07993
0.616 4.29765 0.079306
0.618 4.29283 0.078527
0.62 4.2878 0.0776
0.622 4.28125 0.076538
0.624 4.27448 0.075335
0.626 4.2676 0.073993
0.628 4.26077 0.072514
0.63 4.2541 0.0709
0.632 4.24842 0.06886
0.634 4.24302 0.066764
0.636 4.23785 0.064688
0.638 4.23289 0.062708
0.64 4.2281 0.0609
0.642 4.22342 0.059839
0.644 4.21885 0.058978
0.646 4.21436 0.058266
0.648 4.20992 0.057657
0.65 4.2055 0.0571
0.652 4.20092 0.056522
0.654 4.19635 0.055905
0.656 4.1918 0.055207
0.658 4.18728 0.054386
0.66 4.1828 0.0534
0.662 4.17834 0.051956
0.664 4.17396 0.050324
0.666 4.16966 0.048524
0.668 4.16547 0.046576
0.67 4.1614 0.0445
0.672 4.15798 0.042268
0.674 4.1546 0.03996
0.676 4.15115 0.037608
0.678 4.14752 0.035244
0.68 4.1436 0.0329
0.682 4.13864 0.030403
0.684 4.13334 0.028042
0.686 4.12775 0.025898
0.688 4.12192 0.024057
0.69 4.1159 0.0226
0.692 4.10937 0.022238
0.694 4.10285 0.022271
0.696 4.09649 0.022625
0.698 4.09042 0.023226
0.7 4.0848 0.024
0.702 4.08088 0.024788
0.704 4.07742 0.025624
0.706 4.07427 0.026456
0.708 4.07131 0.027232
0.71 4.0684 0.0279
0.712 4.06464 0.028053
0.714 4.06085 0.028082
0.716 4.0571 0.028026
0.718 4.05343 0.027919
0.72 4.0499 0.0278
0.722 4.04704 0.028066
0.724 4.04431 0.028303
0.726 4.04167 0.028457
0.728 4.03906 0.028474
0.73 4.0364 0.0283
0.732 4.03336 0.027374
0.734 4.03024 0.026277
0.736 4.02705 0.025083
0.738 4.02379 0.023866
0.74 4.0205 0.0227
0.742 4.01727 0.022013
0.744 4.01399 0.021434
0.746 4.01066 0.02095
0.748 4.00727 0.020543
0.75 4.0038 0.0202
0.752 3.99998 0.019818
0.754 3.99613 0.019491
0.756 3.99232 0.019225
0.758 3.98859 0.019026
0.76 3.985 0.0189
0.762 3.98201 0.018717
0.764 3.97918 0.018654
0.766 3.97646 0.018754
0.768 3.97381 0.019055
0.77 3.9712 0.0196
0.772 3.9681 0.020931
0.774 3.96507 0.022462
0.776 3.96217 0.024106
0.778 3.95949 0.025781
0.78 3.9571 0.0274
0.782 3.95542 0.028726
0.784 3.9541 0.029865
0.786 3.95311 0.030771
0.788 3.95245 0.031398
0.79 3.9521 0.0317
0.792 3.95247 0.031166
0.794 3.95302 0.030329
0.796 3.95363 0.029259
0.798 3.9542 0.028026
0.8 3.9546 0.0267
0.802 3.95389 0.025586
0.804 3.95298 0.024459
0.806 3.95198 0.023329
0.808 3.95095 0.022206
0.81 3.95 0.0211
0.812 3.95052 0.019936
0.814 3.95097 0.018832
0.816 3.95111 0.01782
0.818 3.9507 0.016932
0.82 3.9495 0.0162
0.822 3.94597 0.015643
0.824 3.94151 0.01531
0.826 3.9362 0.015234
0.828 3.93013 0.015453
0.83 3.9234 0.016
0.832 3.91608 0.016911
0.834 3.90828 0.018222
0.836 3.90007 0.019966
0.838 3.89155 0.022181
0.84 3.8828 0.0249
