nk
0.210144 2.06642 
SOPRA N&K Database
54
0.210144 1.6933 1.0574
0.213768 1.6112 1.0591
0.217518 1.6333 1.0681
0.221402 1.6573 1.0802
0.225428 1.6817 1.0902
0.229602 1.7069 1.1
0.233934 1.7347 1.1092
0.238433 1.7639 1.1182
0.243108 1.7949 1.1265
0.24797 1.827 1.1333
0.253031 1.8622 1.1403
0.258302 1.8988 1.1457
0.263798 1.9383 1.1497
0.269533 1.9798 1.152
0.275523 2.0241 1.1524
0.281785 2.0705 1.15
0.288338 2.1201 1.1445
0.295203 2.1721 1.1351
0.302403 2.2259 1.1209
0.309963 2.2812 1.1007
0.317911 2.3484 1.0781
0.326277 2.3933 1.0415
0.335095 2.4468 1.0002
0.344403 2.4967 0.953
0.354243 2.542 0.8987
0.364662 2.5801 0.8396
0.375713 2.6117 0.776
0.387454 2.6353 0.7107
0.399952 2.6506 0.6446
0.413284 2.659 0.5788
0.427535 2.6599 0.5156
0.442804 2.6553 0.4549
0.459204 2.6456 0.3971
0.476866 2.6315 0.3436
0.495941 2.6143 0.2934
0.516605 2.5942 0.2468
0.539066 2.5711 0.2042
0.563569 2.5468 0.1644
0.590406 2.5216 0.1254
0.619926 2.4963 0.0863
0.652554 2.4702 0.048
0.688807 2.448 0.0131
0.729325 2.4288 0.0018
0.774907 2.4108 0
0.826568 2.3944 0
0.885608 2.3814 0
0.953732 2.3743 0
1.03321 2.3566 0
1.12714 2.3509 0
1.23985 2.3376 0
1.37761 2.3254 0
1.54981 2.3132 0
1.77122 2.301 0
2.06642 2.2888 0
