nk
0.18 2.48 
SOPRA N&K Database
231
0.18 1.20774 2.06521
0.19 1.31675 2.26006
0.2 1.48 2.45
0.21 1.72091 2.59834
0.22 2.01695 2.66775
0.23 2.32147 2.60421
0.24 2.54161 2.40076
0.25 2.57258 2.1542
0.26 2.48046 2.08827
0.27 2.41454 2.05297
0.28 2.37225 2.04366
0.29 2.35104 2.05569
0.3 2.34835 2.08444
0.31 2.36163 2.12525
0.32 2.3883 2.17351
0.33 2.42582 2.22456
0.34 2.47164 2.27383
0.35 2.52297 2.31371
0.36 2.57612 2.32373
0.37 2.63031 2.32387
0.38 2.68343 2.31562
0.39 2.73341 2.30005
0.4 2.77637 2.27817
0.41 2.80552 2.25069
0.42 2.82726 2.21928
0.43 2.84173 2.18512
0.44 2.84889 2.14946
0.45 2.8483 2.11473
0.46 2.83925 2.08448
0.47 2.82317 2.05488
0.48 2.80048 2.02586
0.49 2.77142 1.99732
0.5 2.7376 1.96757
0.51 2.70076 1.93472
0.52 2.65743 1.90371
0.53 2.6069 1.87586
0.54 2.54871 1.85242
0.55 2.47794 1.83491
0.56 2.39118 1.82475
0.57 2.29825 1.82257
0.58 2.20137 1.82945
0.59 2.10261 1.84629
0.6 2.00682 1.87781
0.61 1.91713 1.92635
0.62 1.83012 1.98533
0.63 1.74646 2.05374
0.64 1.66674 2.13043
0.65 1.59194 2.21572
0.66 1.52272 2.30868
0.67 1.45906 2.40575
0.68 1.40149 2.50509
0.69 1.35015 2.60532
0.7 1.30884 2.70028
0.71 1.2777 2.78859
0.72 1.25196 2.87519
0.73 1.23065 2.96012
0.74 1.21271 3.04361
0.75 1.19474 3.12641
0.76 1.17622 3.20854
0.77 1.15928 3.28967
0.78 1.14379 3.36962
0.79 1.12966 3.44842
0.8 1.11704 3.52592
0.81 1.10574 3.60216
0.82 1.09545 3.67733
0.83 1.08599 3.75149
0.84 1.0772 3.8247
0.85 1.06852 3.89687
0.86 1.06003 3.96813
0.87 1.05196 4.03872
0.88 1.04432 4.10869
0.89 1.03707 4.17837
0.9 1.03022 4.24768
0.91 1.0236 4.31916
0.92 1.01721 4.39292
0.93 1.0111 4.46818
0.94 1.00534 4.54414
0.95 1 4.62
0.96 0.99644 4.68718
0.97 0.993438 4.75255
0.98 0.990878 4.81639
0.99 0.988645 4.87896
1 0.986624 4.94053
1.01 0.984698 5.00137
1.02 0.982751 5.06175
1.03 0.980669 5.12194
1.04 0.976805 5.185
1.05 0.971979 5.24949
1.06 0.966894 5.31418
1.07 0.961601 5.37904
1.08 0.956152 5.44402
1.09 0.950599 5.50909
1.1 0.944993 5.57421
1.11 0.939386 5.63935
1.12 0.933831 5.70446
1.13 0.928819 5.7688
1.14 0.924996 5.83137
1.15 0.921325 5.89389
1.16 0.917773 5.95646
1.17 0.914312 6.01917
1.18 0.910909 6.08211
1.19 0.907535 6.14538
1.2 0.904157 6.20907
1.21 0.900746 6.27329
1.22 0.89727 6.33812
1.23 0.893698 6.40366
1.24 0.89 6.47
1.25 0.885982 6.53822
1.26 0.881984 6.60618
1.27 0.878062 6.67312
1.28 0.874242 6.7387
1.29 0.870494 6.8036
1.3 0.866816 6.86804
1.31 0.863201 6.93224
1.32 0.859577 6.99655
1.33 0.855398 7.06216
1.34 0.851392 7.12799
1.35 0.847688 7.19403
1.36 0.844412 7.26028
1.37 0.841691 7.32672
1.38 0.839975 7.39341
1.39 0.84031 7.46053
1.4 0.841317 7.52776
1.41 0.842869 7.59505
1.42 0.844837 7.66233
1.43 0.847093 7.72954
1.44 0.849509 7.79661
1.45 0.850901 7.86311
1.46 0.852037 7.92931
1.47 0.853233 7.99529
1.48 0.854536 8.06105
1.49 0.855996 8.12658
1.5 0.857661 8.1919
1.51 0.859581 8.25701
1.52 0.862505 8.32162
1.53 0.865905 8.38597
1.54 0.869559 8.45015
1.55 0.87342 8.51422
1.56 0.877442 8.5782
1.57 0.881578 8.64213
1.58 0.885779 8.70605
1.59 0.89 8.77
1.6 0.893536 8.83483
1.61 0.897043 8.89971
1.62 0.900533 8.9646
1.63 0.904019 9.02946
1.64 0.907515 9.09426
1.65 0.911031 9.15895
1.66 0.914582 9.22351
1.67 0.91818 9.28789
1.68 0.922005 9.3516
1.69 0.926066 9.41462
1.7 0.930183 9.47744
1.71 0.934345 9.54007
1.72 0.93854 9.60255
1.73 0.942755 9.66492
1.74 0.94698 9.72719
1.75 0.9512 9.78941
1.76 0.955406 9.85159
1.77 0.959584 9.91378
1.78 0.963312 9.97613
1.79 0.966957 10.0386
1.8 0.970578 10.1011
1.81 0.974189 10.1637
1.82 0.977805 10.2264
1.83 0.98144 10.2892
1.84 0.985108 10.3523
1.85 0.988823 10.4155
1.86 0.992601 10.4789
1.87 0.996455 10.5425
1.88 1.00043 10.6066
1.89 1.00477 10.6728
1.9 1.00922 10.7393
1.91 1.01378 10.8059
1.92 1.01846 10.8726
1.93 1.02325 10.9393
1.94 1.02815 11.0059
1.95 1.03316 11.0724
1.96 1.0383 11.1386
1.97 1.04355 11.2046
1.98 1.04891 11.2702
1.99 1.0544 11.3354
2 1.06 11.4
2.01 1.06602 11.4609
2.02 1.07215 11.5211
2.03 1.07839 11.5808
2.04 1.08473 11.64
2.05 1.09116 11.6986
2.06 1.09766 11.7569
2.07 1.10424 11.8147
2.08 1.11087 11.8721
2.09 1.11755 11.9292
2.1 1.12427 11.986
2.11 1.13102 12.0426
2.12 1.13779 12.0989
2.13 1.14457 12.1551
2.14 1.15128 12.2112
2.15 1.15764 12.2674
2.16 1.164 12.3236
2.17 1.17034 12.3797
2.18 1.17668 12.4359
2.19 1.18301 12.4921
2.2 1.18933 12.5484
2.21 1.19564 12.6048
2.22 1.20196 12.6613
2.23 1.20827 12.7181
2.24 1.21458 12.7751
2.25 1.2209 12.8323
2.26 1.22721 12.8899
2.27 1.23353 12.9477
2.28 1.23986 13.006
2.29 1.24619 13.0646
2.3 1.25254 13.1237
2.31 1.25889 13.1832
2.32 1.26526 13.2432
2.33 1.27164 13.3038
2.34 1.27803 13.365
2.35 1.28445 13.4267
2.36 1.29087 13.4891
2.37 1.29733 13.5521
2.38 1.3038 13.6159
2.39 1.31029 13.6804
2.4 1.31681 13.7457
2.41 1.32335 13.8118
2.42 1.32992 13.8787
2.43 1.33652 13.9465
2.44 1.34315 14.0152
2.45 1.34981 14.0849
2.46 1.35651 14.1556
2.47 1.36323 14.2273
2.48 1.37 14.3
