nk
0.206642 1.23985 
SOPRA N&K Database
101
0.206642 1.16 1.21
0.208378 1.1675 1.21625
0.210144 1.18 1.22
0.21194 1.195 1.22125
0.213768 1.21 1.22
0.215626 1.22125 1.215
0.217518 1.23 1.21
0.219443 1.23625 1.21063
0.221402 1.24 1.21
0.223397 1.24438 1.2025
0.225428 1.24 1.19
0.227496 1.19938 1.165
0.229602 1.18 1.15
0.231748 1.26687 1.17813
0.233934 1.35 1.21
0.236162 1.31625 1.20875
0.238433 1.26 1.2
0.240748 1.25 1.19875
0.243108 1.25 1.2
0.245515 1.24562 1.20437
0.24797 1.24 1.21
0.250475 1.23 1.215
0.253031 1.22 1.22
0.25564 1.21562 1.22437
0.258302 1.21 1.23
0.261021 1.195 1.23875
0.263798 1.18 1.25
0.266635 1.17437 1.26438
0.269533 1.17 1.28
0.272495 1.16063 1.29563
0.275523 1.15 1.31
0.278618 1.14062 1.31937
0.281785 1.13 1.33
0.285023 1.11688 1.34688
0.288338 1.1 1.37
0.29173 1.07375 1.40187
0.295203 1.05 1.44
0.298759 1.04188 1.48438
0.302403 1.04 1.53
0.306136 1.03812 1.56812
0.309963 1.04 1.61
0.313887 1.04688 1.66875
0.317911 1.06 1.73
0.322039 1.0825 1.78313
0.326277 1.11 1.83
0.330627 1.13875 1.8675
0.335095 1.17 1.9
0.339685 1.205 1.93125
0.344403 1.24 1.96
0.349254 1.27 1.98562
0.354243 1.3 2.01
0.359377 1.33438 2.03625
0.364662 1.37 2.06
0.370105 1.40562 2.07625
0.375713 1.44 2.09
0.381493 1.47125 2.105
0.387454 1.5 2.12
0.393604 1.52625 2.13563
0.399952 1.55 2.15
0.406509 1.57062 2.15937
0.413284 1.59 2.17
0.420289 1.60938 2.18875
0.427535 1.63 2.21
0.435036 1.65562 2.23
0.442804 1.68 2.25
0.450855 1.69562 2.26938
0.459204 1.71 2.29
0.467869 1.73 2.31438
0.476866 1.75 2.34
0.486216 1.76562 2.36313
0.495941 1.78 2.39
0.506062 1.79375 2.4275
0.516605 1.81 2.47
0.527597 1.83312 2.51313
0.539066 1.86 2.56
0.551045 1.8875 2.61437
0.563569 1.92 2.67
0.576675 1.9625 2.72
0.590406 2.01 2.77
0.604806 2.05875 2.82437
0.619926 2.11 2.88
0.635821 2.1625 2.93438
0.652554 2.22 2.99
0.67019 2.28563 3.04937
0.688807 2.36 3.11
0.708487 2.44625 3.17313
0.729325 2.54 3.23
0.751425 2.63625 3.27125
0.774907 2.74 3.3
0.799904 2.86063 3.31688
0.826568 2.98 3.32
0.85507 3.08312 3.30313
0.885608 3.17 3.28
0.918409 3.2325 3.25937
0.953732 3.28 3.25
0.991881 3.31438 3.26688
1.03321 3.35 3.3
1.07813 3.405 3.34563
1.12714 3.47 3.4
1.18081 3.5425 3.45938
1.23985 3.62 3.52
