nk
0.25 0.9 
SOPRA N&K Database
66
0.25 2.42976 1.50788
0.26 2.48595 1.40654
0.27 2.46735 1.31625
0.28 2.44445 1.25898
0.29 2.41597 1.21784
0.3 2.3922 1.17733
0.31 2.36362 1.15391
0.32 2.33198 1.13275
0.33 2.30868 1.11245
0.34 2.2791 1.08929
0.35 2.2502 1.06255
0.36 2.21286 1.03597
0.37 2.16345 1.01573
0.38 2.11559 0.999136
0.39 2.06668 0.97984
0.4 2.00678 0.955547
0.41 1.92486 0.929834
0.42 1.82294 0.915164
0.43 1.70969 0.926057
0.44 1.5978 0.963091
0.45 1.48845 1.01311
0.46 1.39151 1.09293
0.47 1.30869 1.16947
0.48 1.23589 1.26014
0.49 1.17794 1.34971
0.5 1.13308 1.44033
0.51 1.08869 1.53012
0.52 1.05259 1.61716
0.53 1.02392 1.71145
0.54 0.997504 1.79846
0.55 0.971929 1.88527
0.56 0.953589 1.97303
0.57 0.928489 2.05191
0.58 0.914108 2.13518
0.59 0.903751 2.21513
0.6 0.879954 2.30056
0.61 0.870392 2.37818
0.62 0.86266 2.45375
0.63 0.85795 2.53882
0.64 0.848183 2.61162
0.65 0.84533 2.68866
0.66 0.83805 2.77202
0.67 0.827988 2.84814
0.68 0.83332 2.91858
0.69 0.836538 2.99869
0.7 0.830992 3.07618
0.71 0.839608 3.14639
0.72 0.836739 3.21804
0.73 0.84234 3.28737
0.74 0.84172 3.35051
0.75 0.848152 3.42523
0.76 0.855084 3.49341
0.77 0.862628 3.57155
0.78 0.855051 3.63646
0.79 0.869221 3.69387
0.8 0.872387 3.76286
0.81 0.889562 3.83744
0.82 0.882475 3.90615
0.83 0.900889 3.9749
0.84 0.909863 4.0315
0.85 0.911353 4.07859
0.86 0.912482 4.12929
0.87 0.926963 4.19353
0.88 0.938604 4.25453
0.89 0.937963 4.25381
0.9 0.921694 4.18083
