nk
0.18 1.5 
SOPRA N&K Database
133
0.18 1.37019 1.99796
0.19 1.53482 1.83116
0.2 1.53584 1.69583
0.21 1.46 1.65
0.22 1.43284 1.80634
0.23 1.44256 2.08404
0.24 1.36258 2.45347
0.25 1.36502 2.84727
0.26 1.62735 3.19745
0.27 1.95194 3.43182
0.28 3.35526 3.5606
0.29 3.83493 3.53467
0.3 4.73162 3.28025
0.31 5.23526 2.73438
0.32 5.39131 2.07589
0.33 5.29113 1.56979
0.34 4.96872 1.09259
0.35 4.47728 0.650811
0.36 3.87 0.251
0.37 3.66133 0.033002
0.38 3.49841 0
0.39 3.3753 0
0.4 3.28609 0
0.41 3.22482 0
0.42 3.18556 0
0.43 3.16239 0
0.44 3.14936 0
0.45 3.14054 0
0.46 3.13 0
0.47 3.10412 0
0.48 3.08 0
0.49 3.05375 0
0.5 3.03 0
0.51 3.01375 0
0.52 3 0
0.53 2.985 0
0.54 2.97 0
0.55 2.95438 0
0.56 2.94 0
0.57 2.92937 0
0.58 2.92 0
0.59 2.91 0
0.6 2.9 0
0.61 2.88937 0
0.62 2.88 0
0.63 2.875 0
0.64 2.87 0
0.65 2.86 0
0.66 2.85 0
0.67 2.84437 0
0.68 2.84 0
0.69 2.835 0
0.7 2.83 0
0.71 2.825 0
0.72 2.82 0
0.73 2.81438 0
0.74 2.81 0
0.75 2.81 0
0.76 2.81 0
0.77 2.80563 0
0.78 2.8 0
0.79 2.79438 0
0.8 2.79 0
0.81 2.79 0
0.82 2.79 0
0.83 2.785 0
0.84 2.78 0
0.85 2.78 0
0.86 2.78 0
0.87 2.775 0
0.88 2.77 0
0.89 2.77 0
0.9 2.77 0
0.91 2.765 0
0.92 2.76 0
0.93 2.75937 0
0.94 2.76 0
0.95 2.76063 0
0.96 2.76 0
0.97 2.755 0
0.98 2.75 0
0.99 2.749 0
1 2.75 0
1.01 2.74975 0
1.02 2.74935 0
1.03 2.74882 0
1.04 2.74816 0
1.05 2.74739 0
1.06 2.74652 0
1.07 2.74557 0
1.08 2.74455 0
1.09 2.74346 0
1.1 2.74234 0
1.11 2.74118 0
1.12 2.74 0
1.13 2.739 0
1.14 2.73799 0
1.15 2.73697 0
1.16 2.73596 0
1.17 2.73494 0
1.18 2.73393 0
1.19 2.73292 0
1.2 2.73193 0
1.21 2.73096 0
1.22 2.73 0
1.23 2.72933 0
1.24 2.7287 0
1.25 2.72811 0
1.26 2.72754 0
1.27 2.72701 0
1.28 2.72649 0
1.29 2.72598 0
1.3 2.72549 0
1.31 2.725 0
1.32 2.72451 0
1.33 2.72402 0
1.34 2.72351 0
1.35 2.723 0
1.36 2.72246 0
1.37 2.72189 0
1.38 2.7213 0
1.39 2.72067 0
1.4 2.72 0
1.41 2.71929 0
1.42 2.71852 0
1.43 2.7177 0
1.44 2.71682 0
1.45 2.71588 0
1.46 2.71486 0
1.47 2.71377 0
1.48 2.7126 0
1.49 2.71135 0
1.5 2.71 0
