nk
0.0635821 12.3985 
SOPRA N&K Database
195
0.0635821 0.64 0.04
0.0639099 0.624 0.039
0.064241 0.611 0.041
0.0645756 0.597 0.045
0.0649137 0.583 0.051
0.0652554 0.571 0.058
0.0656006 0.558 0.068
0.0659496 0.55 0.078
0.0663022 0.538 0.088
0.0666587 0.531 0.1
0.067019 0.524 0.111
0.0673833 0.517 0.122
0.0677515 0.512 0.134
0.0681237 0.507 0.146
0.0685001 0.504 0.157
0.0688807 0.5 0.167
0.0692655 0.497 0.178
0.0696546 0.495 0.189
0.0700481 0.493 0.199
0.0704461 0.491 0.209
0.0708487 0.489 0.219
0.0712559 0.488 0.229
0.0716677 0.487 0.238
0.0720844 0.486 0.246
0.072506 0.485 0.255
0.0729325 0.484 0.264
0.073364 0.483 0.272
0.0738007 0.482 0.281
0.0742426 0.481 0.29
0.0746899 0.48 0.298
0.0751425 0.478 0.306
0.0756007 0.477 0.315
0.0760645 0.476 0.324
0.0765341 0.475 0.332
0.0770094 0.473 0.342
0.0774907 0.474 0.351
0.0779781 0.473 0.36
0.0784716 0.473 0.37
0.0789715 0.473 0.378
0.0794777 0.472 0.388
0.0799904 0.472 0.397
0.0805099 0.472 0.406
0.0810361 0.472 0.416
0.0815692 0.473 0.426
0.0821094 0.474 0.435
0.0826568 0.475 0.445
0.0832115 0.476 0.455
0.0837738 0.478 0.464
0.0843437 0.48 0.474
0.0849214 0.482 0.481
0.085507 0.484 0.491
0.0861008 0.487 0.501
0.0867029 0.49 0.509
0.0873135 0.492 0.517
0.0879328 0.495 0.525
0.0885608 0.498 0.532
0.089198 0.5 0.539
0.0898443 0.501 0.547
0.0905001 0.504 0.555
0.0911656 0.507 0.561
0.0918409 0.507 0.568
0.0925263 0.509 0.576
0.0932219 0.509 0.584
0.0939282 0.511 0.592
0.0946452 0.513 0.6
0.0953732 0.515 0.608
0.0961125 0.516 0.617
0.0968634 0.52 0.626
0.0976261 0.524 0.633
0.0984009 0.516 0.639
0.0991881 0.519 0.647
0.099988 0.533 0.653
0.100801 0.536 0.658
0.101627 0.539 0.663
0.102467 0.54 0.666
0.103321 0.54 0.669
0.104189 0.539 0.673
0.105072 0.538 0.676
0.10597 0.534 0.679
0.106884 0.527 0.684
0.107813 0.51 0.693
0.108759 0.516 0.703
0.109721 0.51 0.712
0.110701 0.501 0.724
0.111698 0.496 0.739
0.112714 0.492 0.756
0.113748 0.491 0.172
0.114801 0.491 0.789
0.115874 0.494 0.805
0.116967 0.498 0.812
0.118081 0.506 0.834
0.119217 0.511 0.843
0.120374 0.516 0.851
0.121554 0.52 0.854
0.122758 0.516 0.859
0.123985 0.513 0.865
0.125238 0.506 0.869
0.126515 0.493 0.819
0.12782 0.483 0.893
0.129151 0.412 0.91
0.130511 0.462 0.929
0.131899 0.454 0.95
0.133317 0.446 0.912
0.134767 0.44 0.995
0.136247 0.434 1.021
0.137761 0.429 1.041
0.139309 0.424 1.016
0.140892 0.424 1.106
0.142512 0.425 1.135
0.144169 0.426 1.164
0.145865 0.421 1.195
0.147601 0.431 1.228
0.14938 0.437 1.26
0.151201 0.444 1.191
0.153068 0.451 1.314
0.154981 0.462 1.362
0.156943 0.47 1.388
0.158955 0.48 1.421
0.16102 0.491 1.456
0.163138 0.503 1.49
0.165314 0.52 1.517
0.167548 0.537 1.56
0.169843 0.554 1.595
0.172202 0.573 1.626
0.174627 0.592 1.662
0.177122 0.609 1.695
0.179689 0.629 1.731
0.182331 0.65 1.771
0.185053 0.673 1.81
0.187856 0.699 1.853
0.190746 0.73 1.894
0.193727 0.768 1.931
0.196802 0.807 1.977
0.199976 0.851 2.013
0.203254 0.895 2.048
0.206642 0.946 2.081
0.210144 0.998 2.108
0.213768 1.045 2.128
0.217518 1.093 2.152
0.221402 1.143 2.174
0.225428 1.193 2.196
0.229602 1.251 2.216
0.233934 1.306 2.229
0.238433 1.363 2.239
0.243108 1.42 2.243
0.24797 1.471 2.242
0.253031 1.523 2.242
0.258302 1.57 2.237
0.263798 1.614 2.236
0.269533 1.659 2.131
0.275523 1.701 2.224
0.281785 1.738 2.118
0.288338 1.775 2.209
0.295203 1.805 2.202
0.302403 1.834 2.198
0.309963 1.862 2.194
0.317911 1.885 2.194
0.326277 1.907 2.203
0.335095 1.94 2.204
0.344403 1.966 2.202
0.354243 1.978 2.202
0.364662 1.986 2.216
0.375713 1.998 2.243
0.387454 2.024 2.274
0.399952 2.054 2.302
0.413284 2.089 2.311
0.427535 2.105 2.338
0.442804 2.114 2.371
0.459204 2.125 2.423
0.476866 2.148 2.486
0.495941 2.179 2.56
0.516605 2.226 2.644
0.539066 2.294 2.734
0.563569 2.384 2.824
0.590406 2.504 2.901
0.619926 2.648 2.943
0.652554 2.78 2.934
0.688807 2.862 2.889
0.729325 2.891 2.881
0.774907 2.894 2.919
0.826568 2.936 3.022
0.885608 3.052 3.079
0.953732 3.113 3.075
1.03321 3.152 3.069
1.12714 3.044 2.949
1.23985 2.667 3.071
1.37761 2.3 3.476
1.54981 2.061 4.128
1.77122 1.905 4.859
2.06642 1.647 5.791
2.4797 1.279 7.306
3.09963 0.989 9.703
4.13284 0.948 13.629
6.19926 1.106 21.248
12.3985 1.809 35.673
