nk
0.206642 2.4797 
SOPRA N&K Database
111
0.206642 1.14 2.18
0.208378 1.14187 2.19188
0.210144 1.14 2.2
0.21194 1.13563 2.20562
0.213768 1.13 2.21
0.215626 1.12437 2.21563
0.217518 1.12 2.22
0.219443 1.11875 2.22125
0.221402 1.12 2.22
0.223397 1.12437 2.215
0.225428 1.13 2.21
0.227496 1.13437 2.20938
0.229602 1.14 2.21
0.231748 1.15 2.21
0.233934 1.16 2.21
0.236162 1.16437 2.21188
0.238433 1.17 2.21
0.240748 1.18375 2.19437
0.243108 1.2 2.18
0.245515 1.215 2.1825
0.24797 1.23 2.19
0.250475 1.24438 2.19563
0.253031 1.26 2.2
0.25564 1.28188 2.195
0.258302 1.3 2.2
0.261021 1.30125 2.24125
0.263798 1.3 2.29
0.266635 1.30875 2.32125
0.269533 1.32 2.35
0.272495 1.32812 2.38375
0.275523 1.34 2.42
0.278618 1.365 2.46
0.281785 1.39 2.5
0.285023 1.4 2.535
0.288338 1.41 2.57
0.29173 1.43312 2.60938
0.295203 1.46 2.65
0.298759 1.485 2.69
0.302403 1.51 2.73
0.306136 1.53313 2.77
0.309963 1.56 2.81
0.313887 1.5975 2.85
0.317911 1.64 2.89
0.322039 1.68312 2.92937
0.326277 1.73 2.97
0.330627 1.78313 3.015
0.335095 1.84 3.06
0.339685 1.9 3.10062
0.344403 1.96 3.14
0.349254 2.01562 3.1825
0.354243 2.07 3.22
0.359377 2.12438 3.24187
0.364662 2.18 3.26
0.370105 2.23937 3.28625
0.375713 2.3 3.31
0.381493 2.35938 3.32
0.387454 2.42 3.33
0.393604 2.4825 3.35625
0.399952 2.55 3.38
0.406509 2.63 3.38063
0.413284 2.71 3.38
0.420289 2.77312 3.40125
0.427535 2.84 3.42
0.435036 2.93312 3.41375
0.442804 3.03 3.4
0.450855 3.11125 3.39188
0.459204 3.19 3.38
0.467869 3.27438 3.35812
0.476866 3.36 3.33
0.486216 3.44937 3.29875
0.495941 3.53 3.26
0.506062 3.5875 3.20688
0.516605 3.63 3.15
0.527597 3.66125 3.0975
0.539066 3.68 3.05
0.551045 3.685 3.01125
0.563569 3.68 2.98
0.576675 3.67125 2.95625
0.590406 3.65 2.94
0.604806 3.60125 2.92875
0.619926 3.55 2.93
0.635821 3.52312 2.95562
0.652554 3.5 2.99
0.67019 3.46312 3.02188
0.688807 3.43 3.05
0.708487 3.415 3.065
0.729325 3.41 3.08
0.751425 3.41063 3.10938
0.774907 3.42 3.14
0.799904 3.44813 3.16125
0.826568 3.47 3.18
0.85507 3.45625 3.19687
0.885608 3.43 3.22
0.918409 3.41438 3.25312
0.953732 3.38 3.31
0.991881 3.29688 3.41
1.03321 3.19 3.54
1.07813 3.07437 3.68438
1.12714 2.95 3.87
1.18081 2.81312 4.13375
1.23985 2.69 4.43
1.30511 2.61125 4.71312
1.37761 2.56 5.02
1.45865 2.52937 5.36562
1.54981 2.52 5.77
1.65314 2.53375 6.26187
1.77122 2.56 6.83
1.90746 2.58625 7.48
2.06642 2.62 8.19
2.25428 2.66375 8.945
2.4797 2.72 9.73
