nk
0.253031 24.797 
SOPRA N&K Database
98
0.253031 2.688 3.368
0.25564 2.66356 3.35969
0.258302 2.659 3.397
0.261021 2.67542 3.4551
0.263798 2.7147 3.50762
0.266635 2.78415 3.51758
0.269533 2.86098 3.50527
0.272495 2.92328 3.48265
0.275523 2.9766 3.45181
0.278618 3.02235 3.41559
0.281785 3.06937 3.38199
0.285023 3.12721 3.35938
0.288338 3.18333 3.34222
0.29173 3.22546 3.32529
0.295203 3.26447 3.30051
0.298759 3.31103 3.26044
0.302403 3.3582 3.21252
0.306136 3.39869 3.16499
0.309963 3.43398 3.12106
0.313887 3.46632 3.08236
0.317911 3.49752 3.04123
0.322039 3.52883 2.99077
0.326277 3.55774 2.93942
0.330627 3.58134 2.89607
0.335095 3.59856 2.85787
0.339685 3.6093 2.82016
0.344403 3.61647 2.78041
0.349254 3.62296 2.73707
0.354243 3.62787 2.69202
0.359377 3.62985 2.64805
0.364662 3.62884 2.60707
0.370105 3.62514 2.57082
0.375713 3.62005 2.5417
0.381493 3.61499 2.52117
0.387454 3.61143 2.50465
0.393604 3.61045 2.48726
0.399952 3.60868 2.46735
0.406509 3.6027 2.44361
0.413284 3.59273 2.42274
0.420289 3.57887 2.41169
0.427535 3.56546 2.40568
0.435036 3.55728 2.4
0.442804 3.5497 2.39712
0.450855 3.53804 2.39926
0.459204 3.52618 2.40492
0.467869 3.51808 2.41256
0.476866 3.5099 2.42402
0.486216 3.49731 2.441
0.495941 3.485 2.463
0.506062 3.47706 2.48944
0.516605 3.47195 2.52202
0.527597 3.46857 2.56237
0.539066 3.47003 2.61009
0.551045 3.47881 2.66598
0.563569 3.49595 2.72692
0.576675 3.5225 2.79007
0.590406 3.56121 2.85508
0.604806 3.615 2.92141
0.619926 3.68344 2.98715
0.635821 3.76676 3.05063
0.652554 3.85792 3.10763
0.67019 3.94991 3.15395
0.688807 4.04992 3.19049
0.708487 4.16487 3.21807
0.729325 4.29368 3.23117
0.751425 4.43333 3.2246
0.774907 4.56275 3.20185
0.799904 4.66353 3.16659
0.826568 4.75612 3.11162
0.85507 4.8612 3.03171
0.885608 4.96317 2.94307
0.918409 5.04321 2.86105
0.953732 5.1023 2.77439
0.991881 5.14201 2.67167
1.03321 5.14982 2.55911
1.07813 5.11575 2.44917
1.12714 5.03655 2.37024
1.18081 4.91889 2.34583
1.23985 4.82413 2.36113
1.30511 4.80279 2.39605
1.37761 4.77821 2.43566
1.45865 4.67098 2.4713
1.54981 4.52079 2.54652
1.65314 4.37434 2.70503
1.77122 4.24121 2.91162
1.90746 4.13004 3.13127
2.06642 4.00444 3.40577
2.25428 3.82633 3.7754
2.4797 3.66761 4.31431
2.75523 3.59422 5.10382
3.09963 3.67026 6.10177
3.54243 3.95841 7.27172
4.13284 4.53168 8.63627
4.95941 5.53019 10.1838
6.19926 6.694 12.054
8.26568 7.83781 14.3581
12.3985 8.787 17.203
24.797 19.539 30.673
