nk
0.253031 24.797 
SOPRA N&K Database
98
0.253031 2.502 3.265
0.25564 2.48844 3.26794
0.258302 2.49 3.282
0.261021 2.50331 3.30031
0.263798 2.525 3.316
0.266635 2.55138 3.314
0.269533 2.58 3.312
0.272495 2.60369 3.32875
0.275523 2.633 3.346
0.278618 2.67875 3.34925
0.281785 2.733 3.346
0.285023 2.79588 3.33656
0.288338 2.854 3.328
0.29173 2.88531 3.33244
0.295203 2.916 3.335
0.298759 2.97106 3.32238
0.302403 3.032 3.302
0.306136 3.08875 3.27562
0.309963 3.141 3.247
0.313887 3.18144 3.22294
0.317911 3.221 3.196
0.322039 3.27344 3.15794
0.326277 3.323 3.118
0.330627 3.35469 3.08325
0.335095 3.38 3.052
0.339685 3.40563 3.02738
0.344403 3.431 3.002
0.349254 3.45769 2.96819
0.354243 3.486 2.93
0.359377 3.51875 2.88894
0.364662 3.55 2.845
0.370105 3.575 2.79637
0.375713 3.593 2.75
0.381493 3.60019 2.71494
0.387454 3.601 2.683
0.393604 3.59944 2.64619
0.399952 3.593 2.613
0.406509 3.57788 2.58981
0.413284 3.562 2.575
0.420289 3.55319 2.57056
0.427535 3.548 2.572
0.435036 3.54562 2.575
0.442804 3.546 2.581
0.450855 3.54775 2.59006
0.459204 3.554 2.602
0.467869 3.56875 2.61806
0.476866 3.588 2.634
0.486216 3.60975 2.64475
0.495941 3.632 2.654
0.506062 3.65119 2.66294
0.516605 3.67 2.674
0.527597 3.68894 2.6905
0.539066 3.711 2.711
0.551045 3.74006 2.73563
0.563569 3.774 2.763
0.576675 3.809 2.79225
0.590406 3.854 2.822
0.604806 3.91863 2.85462
0.619926 3.997 2.878
0.635821 4.09337 2.87906
0.652554 4.187 2.863
0.67019 4.2555 2.82525
0.688807 4.308 2.782
0.708487 4.34262 2.74975
0.729325 4.37 2.723
0.751425 4.40281 2.70069
0.774907 4.433 2.686
0.799904 4.45444 2.68144
0.826568 4.474 2.688
0.85507 4.48337 2.71212
0.885608 4.522 2.74
0.918409 4.64669 2.76875
0.953732 4.797 2.772
0.991881 4.94225 2.71969
1.03321 5.05 2.62
1.07813 5.06675 2.45225
1.12714 5.025 2.273
1.18081 4.93075 2.13163
1.23985 4.81 2.029
1.30511 4.70488 1.98569
1.37761 4.573 1.992
1.45865 4.378 2.04681
1.54981 4.144 2.145
1.65314 3.88181 2.254
1.77122 3.595 2.455
1.90746 3.27 2.83894
2.06642 2.969 3.344
2.25428 2.7495 3.90881
2.4797 2.612 4.623
2.75523 2.56106 5.56637
3.09963 2.642 6.707
3.54243 2.884 7.94787
4.13284 3.34 9.564
4.95941 4.00125 11.8403
6.19926 5.082 14.65
8.26568 6.74075 17.9692
12.3985 9.136 21.774
24.797 20.772 37.831
