nk
0.190746 2.4797 
SOPRA N&K Database
241
0.190746 1.26 2.95
0.191483 1.27062 2.97102
0.192225 1.2825 2.99313
0.192973 1.29563 3.01617
0.193727 1.31 3.04
0.194487 1.32563 3.06445
0.195252 1.3425 3.08937
0.196024 1.36062 3.11461
0.196802 1.38 3.14
0.197586 1.40063 3.16539
0.198376 1.4225 3.19062
0.199173 1.44562 3.21555
0.199976 1.47 3.24
0.200786 1.49602 3.26305
0.201602 1.52313 3.28563
0.202425 1.55117 3.30789
0.203254 1.58 3.33
0.204091 1.6091 3.352
0.204934 1.63881 3.3742
0.205785 1.66912 3.3968
0.206642 1.7 3.42
0.207507 1.73144 3.444
0.208378 1.76352 3.468
0.209258 1.79688 3.492
0.210144 1.83216 3.516
0.211039 1.87 3.54
0.21194 1.91216 3.56512
0.21285 1.95688 3.58896
0.213768 2.0032 3.60896
0.214693 2.0508 3.62512
0.215626 2.1 3.64
0.216568 2.1508 3.65712
0.217518 2.2032 3.67296
0.218476 2.2572 3.6856
0.219443 2.3128 3.6944
0.220418 2.37 3.7
0.221402 2.4288 3.7024
0.222395 2.4892 3.7016
0.223397 2.55184 3.69824
0.224408 2.61608 3.69168
0.225428 2.68 3.68
0.226457 2.7412 3.65912
0.227496 2.8008 3.63376
0.228544 2.85912 3.60744
0.229602 2.91584 3.58048
0.23067 2.97 3.55
0.231748 3.01984 3.51192
0.232836 3.06712 3.47096
0.233934 3.11312 3.43032
0.235043 3.15784 3.39064
0.236162 3.2 3.35
0.237292 3.2384 3.30776
0.238433 3.2736 3.26328
0.239585 3.30592 3.21528
0.240748 3.33504 3.16376
0.241922 3.36 3.11
0.243108 3.38016 3.05352
0.244306 3.39488 2.99736
0.245515 3.40256 2.94472
0.246737 3.40352 2.89624
0.24797 3.4 2.85
0.249216 3.39328 2.80424
0.250475 3.38464 2.76072
0.251747 3.376 2.7204
0.253031 3.368 2.6836
0.254329 3.36 2.65
0.25564 3.35256 2.62016
0.256964 3.34448 2.59288
0.258302 3.33448 2.5672
0.259655 3.32256 2.5428
0.261021 3.31 2.52
0.262402 3.298 2.4988
0.263798 3.286 2.4792
0.265209 3.274 2.46152
0.266635 3.262 2.44544
0.268076 3.25 2.43
0.269533 3.238 2.414
0.271006 3.226 2.398
0.272495 3.21432 2.38136
0.274 3.20264 2.36472
0.275523 3.19 2.35
0.277062 3.17464 2.34016
0.278618 3.15832 2.33288
0.280193 3.14168 2.32752
0.281785 3.12536 2.32344
0.283395 3.11 2.32
0.285023 3.09792 2.31488
0.286671 3.08616 2.31104
0.288338 3.07248 2.31104
0.290024 3.05656 2.31488
0.29173 3.04 2.32
0.293456 3.02288 2.32288
0.295203 3.00704 2.32704
0.29697 2.99504 2.33504
0.298759 2.98688 2.34688
0.30057 2.98 2.36
0.302403 2.97144 2.37144
0.304258 2.96352 2.38352
0.306136 2.9572 2.39752
0.308038 2.9528 2.41344
0.309963 2.95 2.43
0.311912 2.94824 2.44544
0.313887 2.94872 2.46152
0.315886 2.95304 2.48016
0.317911 2.96088 2.50072
0.319962 2.97 2.52
0.322039 2.97744 2.53216
0.324144 2.98552 2.54368
0.326277 2.9952 2.55968
0.328438 3.0068 2.58016
0.330627 3.02 2.6
0.332846 3.0348 2.61328
0.335095 3.0512 2.62464
0.337375 3.0692 2.636
0.339685 3.0888 2.648
0.342028 3.11 2.66
0.344403 3.1328 2.67312
0.346812 3.1572 2.68496
0.349254 3.18256 2.6936
0.351731 3.20952 2.6984
0.354243 3.24 2.7
0.356792 3.27976 2.70008
0.359377 3.32048 2.69504
0.362001 3.3564 2.68072
0.364662 3.3856 2.65744
0.367364 3.41 2.63
0.370105 3.43016 2.60264
0.372888 3.44488 2.57432
0.375713 3.45256 2.54536
0.378581 3.45352 2.51672
0.381493 3.45 2.49
0.38445 3.44384 2.46704
0.387454 3.43512 2.44792
0.390505 3.42416 2.43392
0.393604 3.41192 2.42504
0.396753 3.4 2.42
0.399952 3.39192 2.41872
0.403204 3.38416 2.41936
0.406509 3.37416 2.41968
0.409868 3.36192 2.41936
0.413284 3.35 2.42
0.416757 3.3408 2.42224
0.420289 3.3332 2.42672
0.423881 3.32784 2.43536
0.427535 3.32408 2.44752
0.431253 3.32 2.46
0.435036 3.31096 2.46696
0.438886 3.30288 2.47488
0.442804 3.30088 2.4892
0.446793 3.30496 2.5096
0.450855 3.31 2.53
0.454991 3.30952 2.54216
0.459204 3.30936 2.55368
0.463496 3.31304 2.57
0.467869 3.32088 2.5908
0.472325 3.33 2.61
0.476866 3.33744 2.61824
0.481496 3.34552 2.62552
0.486216 3.35488 2.6392
0.49103 3.36616 2.6596
0.495941 3.38 2.68
0.50095 3.39928 2.6944
0.506062 3.41984 2.7056
0.511279 3.4388 2.71328
0.516605 3.4552 2.71776
0.522043 3.47 2.72
0.527597 3.48432 2.72008
0.53327 3.49576 2.71984
0.539066 3.50176 2.72088
0.54499 3.50232 2.72416
0.551045 3.5 2.73
0.557237 3.4944 2.73848
0.563569 3.4904 2.75144
0.570047 3.49376 2.77368
0.576675 3.50512 2.80296
0.58346 3.52 2.83
0.590406 3.53536 2.84008
0.597519 3.55168 2.84664
0.604806 3.56736 2.85704
0.612272 3.58272 2.87288
0.619926 3.6 2.89
0.627773 3.62216 2.90712
0.635821 3.64688 2.92296
0.644079 3.6732 2.93656
0.652554 3.7008 2.94632
0.661254 3.73 2.95
0.67019 3.7636 2.94288
0.679371 3.7956 2.92904
0.688807 3.82184 2.91072
0.698508 3.84008 2.88824
0.708487 3.85 2.86
0.718755 3.85032 2.82088
0.729325 3.83976 2.77984
0.74021 3.81512 2.74168
0.751425 3.77704 2.71056
0.762986 3.73 2.69
0.774907 3.67488 2.68888
0.787207 3.61784 2.70024
0.799904 3.56688 2.72312
0.813018 3.52296 2.75464
0.826568 3.48 2.79
0.840577 3.43264 2.81864
0.85507 3.38432 2.85112
0.870071 3.33536 2.89352
0.885608 3.28672 2.94744
0.90171 3.24 3.01
0.918409 3.19816 3.0828
0.935737 3.15888 3.1604
0.953732 3.12024 3.23448
0.972433 3.08288 3.30696
0.991881 3.05 3.39
1.01212 3.02296 3.50576
1.03321 3.00488 3.62888
1.05519 3.00088 3.74336
1.07813 3.01096 3.84472
1.10209 3.03 3.94
1.12714 3.05712 4.03328
1.15335 3.08616 4.11984
1.18081 3.11264 4.19776
1.20961 3.13208 4.26512
1.23985 3.14 4.32
1.27164 3.15164 4.37012
1.30511 3.15313 4.41594
1.34038 3.1456 4.44186
1.37761 3.11 4.44
1.41697 3.02279 4.38087
1.45865 2.78422 4.40523
1.50285 2.42357 4.56681
1.54981 2.27375 4.81562
1.59981 2.16749 5.10485
1.65314 1.92633 5.39367
1.71014 1.72685 5.73646
1.77122 1.59 6.13
1.83682 1.48646 6.53165
1.90746 1.39641 6.95953
1.98376 1.29934 7.42027
2.06642 1.21 7.96
2.15626 1.18188 8.56352
2.25428 1.21188 9.19313
2.36162 1.2793 9.84727
2.4797 1.4 10.5
