nk
0.165314 12.3985 
SOPRA N&K Database
75
0.165314 0.619 2.191
0.167548 0.656 2.247
0.169843 0.706 2.304
0.172202 0.747 2.354
0.174627 0.792 2.406
0.177122 0.838 2.455
0.179689 0.895 2.513
0.182331 0.952 2.533
0.185053 0.987 2.587
0.187856 1.046 2.625
0.190746 1.09 2.66
0.193727 1.159 2.702
0.196802 1.21 2.719
0.199976 1.234 2.758
0.203254 1.295 2.822
0.206642 1.36 2.842
0.210144 1.393 2.873
0.213768 1.443 2.936
0.217518 1.493 2.972
0.221402 1.537 3.057
0.225428 1.66 3.128
0.229602 1.722 3.127
0.233934 1.794 3.22
0.238433 1.893 3.257
0.243108 1.995 3.339
0.24797 2.156 3.382
0.253031 2.259 3.378
0.258302 2.438 3.448
0.263798 2.614 3.439
0.269533 2.808 3.299
0.275523 2.847 3.18
0.281785 2.882 3.174
0.288338 2.967 3.163
0.295203 3.064 3.137
0.302403 3.161 3.094
0.309963 3.248 3.036
0.317911 3.313 2.968
0.326277 3.359 2.925
0.335095 3.411 2.887
0.344403 3.457 2.858
0.354243 3.508 2.837
0.364662 3.559 2.831
0.375713 3.633 2.828
0.387454 3.71 2.81
0.399952 3.793 2.817
0.413284 3.903 2.817
0.427535 4.021 2.794
0.442804 7.907 2.367
0.459204 22.9 0.737
0.476866 22.8 0.724
0.495941 22.7 0.71
0.516605 22.6 0.693
0.539066 22.5 0.681
0.563569 22.4 0.671
0.590406 22.3 0.664
0.619926 22.2 0.652
0.652554 22.1 0.633
0.688807 22 0.613
0.729325 21.9 0.6
0.774907 21.8 0.591
0.826568 21.7 0.587
0.885608 21.6 0.576
0.953732 21.5 0.559
1.03321 21.4 0.543
1.12714 21.3 0.533
1.23985 21.1 0.528
1.37761 21.1 0.523
1.54981 21 0.517
1.77122 20.9 0.511
2.06642 20.8 0.506
2.4797 20.7 0.503
3.09963 20.6 0.5
4.13284 20.5 0.495
6.19926 20.4 0.489
12.3985 20.32 0.485
