nk
0.206642 2.4797 
SOPRA N&K Database
111
0.206642 2.386 0
0.208378 2.372 0
0.210144 2.359 0
0.21194 2.34675 0
0.213768 2.335 0
0.215626 2.32337 0
0.217518 2.312 0
0.219443 2.30088 0
0.221402 2.29 0
0.223397 2.27937 -1e-06
0.225428 2.269 0
0.227496 2.25888 5e-06
0.229602 2.249 9e-06
0.231748 2.23931 9e-06
0.233934 2.23 8e-06
0.236162 2.22138 8e-06
0.238433 2.213 7e-06
0.240748 2.20444 7e-06
0.243108 2.196 6e-06
0.245515 2.18794 5e-06
0.24797 2.18 5e-06
0.250475 2.17188 5e-06
0.253031 2.164 5e-06
0.25564 2.15687 4e-06
0.258302 2.15 4e-06
0.261021 2.14294 4e-06
0.263798 2.136 4e-06
0.266635 2.12944 4e-06
0.269533 2.123 3e-06
0.272495 2.11644 3e-06
0.275523 2.11 3e-06
0.278618 2.10394 2e-06
0.281785 2.098 2e-06
0.285023 2.09194 2e-06
0.288338 2.086 2e-06
0.29173 2.08038 2e-06
0.295203 2.075 2e-06
0.298759 2.06994 2e-06
0.302403 2.065 1e-06
0.306136 2.06 1e-06
0.309963 2.055 1e-06
0.313887 2.04994 1e-06
0.317911 2.045 1e-06
0.322039 2.04044 1e-06
0.326277 2.036 1e-06
0.330627 2.03144 1e-06
0.335095 2.027 0
0.339685 2.02294 0
0.344403 2.019 0
0.349254 2.015 0
0.354243 2.011 0
0.359377 2.00694 0
0.364662 2.003 0
0.370105 1.99944 0
0.375713 1.996 0
0.381493 1.9925 0
0.387454 1.989 0
0.393604 1.98544 0
0.399952 1.982 0
0.406509 1.97894 0
0.413284 1.976 0
0.420289 1.973 0
0.427535 1.97 0
0.435036 1.967 0
0.442804 1.964 0
0.450855 1.96094 0
0.459204 1.958 0
0.467869 1.95544 0
0.476866 1.953 0
0.486216 1.9505 0
0.495941 1.948 0
0.506062 1.9455 0
0.516605 1.94298 0
0.527597 1.94055 0
0.539066 1.93842 0
0.551045 1.93612 0
0.563569 1.934 0
0.576675 1.9322 0
0.590406 1.93 0
0.604806 1.928 0
0.619926 1.926 0
0.635821 1.92469 0
0.652554 1.92223 0
0.67019 1.92068 0
0.688807 1.91907 0
0.708487 1.91745 0
0.729325 1.91584 0
0.751425 1.91423 0
0.774907 1.91261 0
0.799904 1.911 0
0.826568 1.90934 0
0.85507 1.9084 0
0.885608 1.90722 0
0.918409 1.90562 0
0.953732 1.90439 0
0.991881 1.90324 0
1.03321 1.90194 0
1.07813 1.90059 0
1.12714 1.89924 0
1.18081 1.89815 0
1.23985 1.89719 0
1.30511 1.89617 0
1.37761 1.8947 0
1.45865 1.89319 0
1.54981 1.89212 0
1.65314 1.89113 0
1.77122 1.88997 0
1.90746 1.88809 0
2.06642 1.88569 0
2.25428 1.88367 0
2.4797 1.88124 0
