nk
0.206642 1.23985 
SOPRA N&K Database
101
0.206642 2.24 1.65
0.208378 2.351 1.72528
0.210144 2.4651 1.76624
0.21194 2.5797 1.77656
0.213768 2.6922 1.75992
0.215626 2.8 1.72
0.217518 2.9006 1.66048
0.219443 2.9915 1.58504
0.221402 3.0701 1.49736
0.223397 3.1338 1.40112
0.225428 3.18 1.3
0.227496 3.179 1.20248
0.229602 3.1623 1.10624
0.231748 3.1341 1.01376
0.233934 3.0986 0.92752
0.236162 3.06 0.85
0.238433 3.0399 0.8016
0.240748 3.021 0.7624
0.243108 3.003 0.7304
0.245515 2.9861 0.7036
0.24797 2.97 0.68
0.250475 2.9557 0.64864
0.253031 2.9418 0.61872
0.25564 2.9282 0.59048
0.258302 2.9143 0.56416
0.261021 2.9 0.54
0.263798 2.8823 0.51984
0.266635 2.8642 0.50192
0.269533 2.8458 0.48608
0.272495 2.8277 0.47216
0.275523 2.81 0.46
0.278618 2.7941 0.44816
0.281785 2.779 0.43808
0.285023 2.765 0.42992
0.288338 2.7519 0.42384
0.29173 2.74 0.42
0.295203 2.7248 0.42624
0.298759 2.712 0.43312
0.302403 2.7028 0.43888
0.306136 2.6984 0.44176
0.309963 2.7 0.44
0.313887 2.7254 0.4216
0.317911 2.7551 0.3976
0.322039 2.7861 0.3688
0.326277 2.8154 0.336
0.330627 2.84 0.3
0.335095 2.8423 0.25776
0.339685 2.8378 0.21488
0.344403 2.827 0.17312
0.349254 2.8109 0.13424
0.354243 2.79 0.1
0.359377 2.7632 0.08368
0.364662 2.7336 0.07264
0.370105 2.7024 0.06576
0.375713 2.6708 0.06192
0.381493 2.64 0.06
0.387454 2.6167 0.05568
0.393604 2.5952 0.05184
0.399952 2.5754 0.04816
0.406509 2.557 0.04432
0.413284 2.54 0.04
0.420289 2.5229 0.02982
0.427535 2.5071 0.019785
0.435036 2.4927 0.010842
0.442804 2.4799 0.003934
0.450855 2.4687 7e-06
0.459204 2.4593 7e-06
0.467869 2.4502 7e-06
0.476866 2.4414 6e-06
0.486216 2.433 6e-06
0.495941 2.4248 5e-06
0.506062 2.417 4e-06
0.516605 2.4094 4e-06
0.527597 2.4021 4e-06
0.539066 2.395 4e-06
0.551045 2.3882 4e-06
0.563569 2.3816 4e-06
0.576675 2.3753 4e-06
0.590406 2.3692 4e-06
0.604806 2.3633 4e-06
0.619926 2.3576 4e-06
0.635821 2.352 4e-06
0.652554 2.3467 4e-06
0.67019 2.3416 4e-06
0.688807 2.3367 4e-06
0.708487 2.3319 4e-06
0.729325 2.3274 4e-06
0.751425 2.3229 4e-06
0.774907 2.3187 4e-06
0.799904 2.3146 4e-06
0.826568 2.3107 3e-06
0.85507 2.3069 3e-06
0.885608 2.3033 3e-06
0.918409 2.2998 3e-06
0.953732 2.2965 3e-06
0.991881 2.2933 3e-06
1.03321 2.2903 0
1.07813 2.2874 0
1.12714 2.2846 0
1.18081 2.282 0
1.23985 2.2795 0
