nk
0.196802 1.77122 
SOPRA N&K Database
449
0.196802 1.35517 2.35216
0.197193 1.36128 2.36049
0.197586 1.36753 2.36892
0.19798 1.37393 2.37744
0.198376 1.38047 2.38606
0.198774 1.38718 2.39478
0.199173 1.39405 2.4036
0.199574 1.40109 2.41251
0.199976 1.40831 2.42153
0.20038 1.4157 2.43064
0.200786 1.4233 2.43985
0.201193 1.43108 2.44916
0.201602 1.43908 2.45857
0.202013 1.44729 2.46807
0.202425 1.45572 2.47767
0.202839 1.46438 2.48736
0.203254 1.47328 2.49715
0.203672 1.48243 2.50702
0.204091 1.49185 2.51698
0.204512 1.50152 2.52703
0.204934 1.51148 2.53715
0.205358 1.52173 2.54736
0.205785 1.53228 2.55763
0.206212 1.54315 2.56798
0.206642 1.55434 2.57839
0.207073 1.56587 2.58885
0.207507 1.57774 2.59936
0.207942 1.58998 2.60992
0.208378 1.60259 2.6205
0.208817 1.61543 2.63144
0.209258 1.62884 2.64207
0.2097 1.64266 2.65269
0.210144 1.65691 2.66331
0.210591 1.6716 2.67389
0.211039 1.68676 2.68444
0.211489 1.70239 2.69493
0.21194 1.7185 2.70534
0.212394 1.73511 2.71566
0.21285 1.75224 2.72587
0.213308 1.76989 2.73593
0.213768 1.78809 2.74584
0.214229 1.80683 2.75555
0.214693 1.82614 2.76504
0.215159 1.84602 2.77428
0.215626 1.86648 2.78325
0.216096 1.88752 2.7919
0.216568 1.90916 2.80019
0.217042 1.9314 2.8081
0.217518 1.95423 2.81558
0.217996 1.97765 2.82258
0.218476 2.00167 2.82907
0.218958 2.02626 2.83499
0.219443 2.05143 2.84031
0.219929 2.07715 2.84497
0.220418 2.10341 2.84892
0.220909 2.13018 2.85212
0.221402 2.15743 2.85452
0.221897 2.18513 2.85605
0.222395 2.21324 2.85669
0.222895 2.24172 2.85638
0.223397 2.27052 2.85507
0.223901 2.29957 2.85273
0.224408 2.32883 2.84931
0.224916 2.35823 2.84478
0.225428 2.38768 2.83912
0.225941 2.41714 2.83229
0.226457 2.4465 2.82428
0.226975 2.47569 2.81508
0.227496 2.50462 2.80468
0.228019 2.53322 2.79309
0.228544 2.56139 2.78033
0.229072 2.58904 2.76641
0.229602 2.61608 2.75136
0.230135 2.64244 2.73523
0.23067 2.66804 2.71805
0.231208 2.69279 2.6999
0.231748 2.71663 2.68081
0.232291 2.73949 2.66087
0.232836 2.76114 2.6404
0.233384 2.78188 2.61899
0.233934 2.80149 2.59696
0.234487 2.81995 2.57441
0.235043 2.83721 2.55141
0.235601 2.85328 2.52806
0.236162 2.86813 2.50445
0.236726 2.88178 2.48067
0.237292 2.89424 2.4568
0.237861 2.90551 2.43293
0.238433 2.91562 2.40913
0.239008 2.92461 2.38549
0.239585 2.9325 2.36206
0.240165 2.93933 2.33892
0.240748 2.94516 2.31613
0.241334 2.95002 2.29373
0.241922 2.95396 2.27179
0.242514 2.95704 2.25034
0.243108 2.95931 2.22941
0.243706 2.96082 2.20905
0.244306 2.96163 2.18928
0.244909 2.96178 2.17012
0.245515 2.96133 2.15158
0.246124 2.96033 2.13369
0.246737 2.95883 2.11646
0.247352 2.95688 2.09988
0.24797 2.95453 2.08397
0.248592 2.95181 2.06872
0.249216 2.94878 2.05413
0.249844 2.94546 2.0402
0.250475 2.94191 2.02692
0.251109 2.93815 2.01428
0.251747 2.93422 2.00227
0.252387 2.93015 1.99089
0.253031 2.92597 1.98012
0.253678 2.92171 1.96994
0.254329 2.9174 1.96036
0.254982 2.91306 1.95135
0.25564 2.9087 1.94289
0.2563 2.90436 1.93499
0.256964 2.90004 1.92762
0.257632 2.89578 1.92077
0.258302 2.89158 1.91444
0.258977 2.88746 1.90859
0.259655 2.88343 1.90324
0.260336 2.87951 1.89835
0.261021 2.87571 1.89393
0.26171 2.87204 1.88995
0.262402 2.86851 1.88642
0.263099 2.86513 1.88333
0.263798 2.86192 1.88066
0.264502 2.85887 1.8784
0.265209 2.856 1.87656
0.26592 2.85331 1.87513
0.266635 2.85083 1.8741
0.267353 2.84854 1.87347
0.268076 2.84647 1.87324
0.268803 2.84463 1.8734
0.269533 2.84302 1.87396
0.270267 2.84165 1.87492
0.271006 2.84054 1.87627
0.271748 2.8397 1.87803
0.272495 2.83915 1.88021
0.273246 2.8389 1.88279
0.274 2.83897 1.8858
0.274759 2.83939 1.88924
0.275523 2.84018 1.89313
0.27629 2.84136 1.89746
0.277062 2.84298 1.90227
0.277838 2.84508 1.90755
0.278618 2.84768 1.91332
0.279403 2.85087 1.91959
0.280193 2.85468 1.92638
0.280986 2.8592 1.93369
0.281785 2.86451 1.94152
0.282587 2.87071 1.94989
0.283395 2.87792 1.95876
0.284207 2.88626 1.96812
0.285023 2.89589 1.97792
0.285845 2.90697 1.98806
0.286671 2.91969 1.99845
0.287502 2.93424 2.00889
0.288338 2.95078 2.01917
0.289178 2.96949 2.02898
0.290024 2.99048 2.03796
0.290874 3.01379 2.04568
0.29173 3.03936 2.05164
0.29259 3.06702 2.05535
0.293456 3.09646 2.05628
0.294327 3.12722 2.054
0.295203 3.1587 2.04815
0.296084 3.19021 2.03851
0.29697 3.22098 2.02506
0.297862 3.25024 2.00796
0.298759 3.2773 1.98757
0.299662 3.30154 1.96442
0.30057 3.32254 1.93914
0.301484 3.34003 1.91245
0.302403 3.35352 1.88577
0.303328 3.36391 1.85841
0.304258 3.37101 1.83162
0.305194 3.37513 1.80593
0.306136 3.37663 1.78172
0.307084 3.37593 1.75928
0.308038 3.37342 1.7388
0.308997 3.36948 1.7204
0.309963 3.36447 1.70412
0.310935 3.35871 1.68997
0.311912 3.35247 1.67791
0.312896 3.346 1.66789
0.313887 3.33953 1.65985
0.314883 3.33323 1.65371
0.315886 3.32727 1.64941
0.316895 3.32179 1.64689
0.317911 3.31695 1.64608
0.318933 3.31286 1.64695
0.319962 3.30967 1.64947
0.320997 3.30751 1.65359
0.322039 3.30655 1.65932
0.323088 3.30696 1.66663
0.324144 3.30896 1.67551
0.325207 3.3128 1.68592
0.326277 3.31876 1.69782
0.327354 3.32719 1.71109
0.328438 3.33846 1.72557
0.329529 3.35299 1.74101
0.330627 3.3712 1.75706
0.331733 3.39351 1.7732
0.332846 3.42028 1.78879
0.333967 3.45176 1.80306
0.335095 3.48804 1.81506
0.336231 3.52901 1.8238
0.337375 3.57431 1.82821
0.338526 3.62329 1.82729
0.339685 3.67502 1.82016
0.340853 3.72835 1.80613
0.342028 3.78194 1.78483
0.343212 3.83435 1.75622
0.344403 3.8842 1.7206
0.345603 3.93021 1.67864
0.346812 3.97132 1.63124
0.348029 4.00676 1.57953
0.349254 4.03607 1.52472
0.350488 4.05909 1.46801
0.351731 4.07594 1.41051
0.352983 4.08694 1.35323
0.354243 4.09254 1.29698
0.355513 4.09334 1.24241
0.356792 4.08992 1.19
0.35808 4.08291 1.14006
0.359377 4.0729 1.09278
0.360684 4.05973 1.04809
0.362001 4.04528 1.00635
0.363327 4.02928 0.967295
0.364662 4.01209 0.930849
0.366008 3.99403 0.896878
0.367364 3.97536 0.865238
0.368729 3.9563 0.835777
0.370105 3.93704 0.808337
0.371491 3.91771 0.782766
0.372888 3.89843 0.758916
0.374295 3.87891 0.736758
0.375713 3.85968 0.715941
0.377141 3.84085 0.696486
0.378581 3.82244 0.678199
0.380031 3.80435 0.661014
0.381493 3.78657 0.644834
0.382966 3.7691 0.629573
0.38445 3.75193 0.615161
0.385946 3.73501 0.601541
0.387454 3.71827 0.58869
0.388973 3.70163 0.576633
0.390505 3.68495 0.565506
0.392048 3.66809 0.555695
0.393604 3.65116 0.548159
0.395172 3.63586 0.544769
0.396753 3.6288 0.544603
0.398346 3.6307 0.533301
0.399952 3.62172 0.511802
0.401571 3.60466 0.495785
0.403204 3.58727 0.484837
0.40485 3.57109 0.476408
0.406509 3.55608 0.469283
0.408182 3.54203 0.462933
0.409868 3.52875 0.457106
0.411569 3.51613 0.451669
0.413284 3.50408 0.446543
0.415013 3.49254 0.441678
0.416757 3.48145 0.437038
0.418515 3.47078 0.432595
0.420289 3.46049 0.428329
0.422077 3.45058 0.424222
0.423881 3.44088 0.42026
0.4257 3.43165 0.416426
0.427535 3.42235 0.41272
0.429386 3.41374 0.409111
0.431253 3.40542 0.405599
0.433136 3.39738 0.402174
0.435036 3.3896 0.398827
0.436952 3.38207 0.395549
0.438886 3.3748 0.392334
0.440836 3.36777 0.389174
0.442804 3.36097 0.38606
0.44479 3.3544 0.382987
0.446793 3.34805 0.379948
0.448815 3.34192 0.376937
0.450855 3.33601 0.373946
0.452914 3.33029 0.37097
0.454991 3.32478 0.368003
0.457088 3.31947 0.365038
0.459204 3.31435 0.36207
0.46134 3.30941 0.359093
0.463496 3.30466 0.3561
0.465672 3.30009 0.353086
0.467869 3.2957 0.350044
0.470086 3.29148 0.346969
0.472325 3.28743 0.343853
0.474584 3.28311 0.340759
0.476866 3.27937 0.337547
0.47917 3.27579 0.334275
0.481496 3.27236 0.330936
0.483845 3.26909 0.327523
0.486216 3.2658 0.324052
0.488612 3.26281 0.320468
0.49103 3.25995 0.316785
0.493473 3.25723 0.312994
0.495941 3.25463 0.309086
0.498433 3.25216 0.305049
0.50095 3.24981 0.300873
0.503493 3.24756 0.296546
0.506062 3.24543 0.292054
0.508657 3.24338 0.287383
0.511279 3.24143 0.282517
0.513928 3.23955 0.27744
0.516605 3.23773 0.272132
0.51931 3.23595 0.266572
0.522043 3.2342 0.260737
0.524805 3.23244 0.254601
0.527597 3.23064 0.248137
0.530418 3.22877 0.241315
0.53327 3.22674 0.234102
0.536152 3.22449 0.226469
0.539066 3.22188 0.218392
0.542012 3.21876 0.209869
0.54499 3.21487 0.200953
0.548001 3.20982 0.191833
0.551045 3.20307 0.183051
0.554124 3.19401 0.176083
0.557237 3.18289 0.175369
0.560385 3.1797 0.184622
0.563569 3.20091 0.187133
0.566789 3.21636 0.155625
0.570047 3.20341 0.124614
0.573342 3.18415 0.107503
0.576675 3.16618 0.097899
0.580048 3.15042 0.091912
0.58346 3.13651 0.087786
0.586912 3.12403 0.084706
0.590406 3.11266 0.082261
0.593941 3.10215 0.080229
0.597519 3.09236 0.078479
0.60114 3.08315 0.076931
0.604806 3.07443 0.075534
0.608516 3.06613 0.074252
0.612272 3.05819 0.073062
0.616075 3.05058 0.071945
0.619926 3.04325 0.070889
0.623825 3.03617 0.069884
0.627773 3.02933 0.068922
0.631772 3.0227 0.067998
0.635821 3.01626 0.067107
0.639924 3.01001 0.066246
0.644079 3.00391 0.06541
0.648289 2.99797 0.064598
0.652554 2.99218 0.063807
0.656875 2.98652 0.063037
0.661254 2.98099 0.062284
0.665692 2.97558 0.061548
0.67019 2.97029 0.060828
0.674749 2.9651 0.060122
0.679371 2.95987 0.059425
0.684056 2.95489 0.058746
0.688807 2.95 0.05808
0.693623 2.94521 0.057425
0.698508 2.94004 0.056768
0.703462 2.93543 0.056136
0.708487 2.9309 0.055514
0.713584 2.92644 0.054901
0.718755 2.92206 0.054298
0.724001 2.91775 0.053704
0.729325 2.91351 0.053118
0.734727 2.90934 0.05254
0.74021 2.90523 0.05197
0.745776 2.90119 0.051408
0.751425 2.89721 0.050854
0.757161 2.89328 0.050306
0.762986 2.88942 0.049766
0.7689 2.88561 0.049232
0.774907 2.88186 0.048705
0.781009 2.87817 0.048185
0.787207 2.87414 0.047644
0.793505 2.87054 0.047136
0.799904 2.867 0.046634
0.806408 2.86351 0.046137
0.813018 2.86007 0.045647
0.819737 2.85668 0.045161
0.826568 2.85333 0.044681
0.833514 2.85002 0.044207
0.840577 2.84676 0.043737
0.847762 2.84355 0.043272
0.85507 2.84037 0.042812
0.862506 2.83724 0.042357
0.870071 2.83415 0.041907
0.877771 2.8311 0.041461
0.885608 2.82809 0.041019
0.893587 2.82512 0.040582
0.90171 2.82219 0.040149
0.909983 2.81929 0.039721
0.918409 2.81643 0.039296
0.926992 2.81361 0.038875
0.935737 2.81082 0.038458
0.944649 2.80807 0.038045
0.953732 2.80536 0.037636
0.962992 2.80268 0.03723
0.972433 2.80003 0.036828
0.982061 2.79742 0.03643
0.991881 2.79483 0.036035
1.0019 2.79229 0.035643
1.01212 2.78977 0.035255
1.02256 2.78728 0.03487
1.03321 2.78483 0.034488
1.04409 2.78241 0.034109
1.05519 2.78001 0.033733
1.06654 2.77765 0.033361
1.07813 2.77532 0.032991
1.08998 2.77301 0.032624
1.10209 2.77074 0.03226
1.11447 2.76849 0.031899
1.12714 2.76627 0.03154
1.14009 2.76408 0.031185
1.15335 2.76191 0.030832
1.16692 2.75978 0.030481
1.18081 2.75767 0.030133
1.19504 2.75558 0.029787
1.20961 2.75353 0.029444
1.22454 2.7515 0.029104
1.23985 2.74949 0.028766
1.25555 2.74751 0.02843
1.27164 2.74556 0.028096
1.28816 2.74363 0.027764
1.30511 2.74173 0.027435
1.32251 2.73985 0.027108
1.34038 2.73799 0.026783
1.35874 2.73616 0.02646
1.37761 2.73435 0.026139
1.39702 2.73257 0.02582
1.41697 2.73081 0.025504
1.43751 2.72907 0.025189
1.45865 2.72735 0.024875
1.48042 2.72566 0.024564
1.50285 2.72399 0.024255
1.52597 2.72235 0.023947
1.54981 2.72072 0.023641
1.57441 2.71912 0.023337
1.59981 2.71754 0.023035
1.62604 2.71598 0.022734
1.65314 2.71444 0.022435
1.68115 2.71292 0.022138
1.71014 2.71143 0.021842
1.74014 2.70996 0.021547
1.77122 2.7085 0.021255
