nk
0.196802 1.77122 
SOPRA N&K Database
449
0.196802 1.41643 2.53559
0.197193 1.42838 2.54549
0.197586 1.44066 2.55539
0.19798 1.4533 2.56529
0.198376 1.46631 2.57517
0.198774 1.47968 2.58503
0.199173 1.49345 2.59485
0.199574 1.50761 2.60463
0.199976 1.52201 2.61468
0.20038 1.53699 2.62431
0.200786 1.5524 2.63386
0.201193 1.56824 2.64329
0.201602 1.58453 2.65259
0.202013 1.60128 2.66175
0.202425 1.61849 2.67074
0.202839 1.63618 2.67954
0.203254 1.65435 2.68813
0.203672 1.673 2.69648
0.204091 1.69215 2.70457
0.204512 1.7118 2.71237
0.204934 1.73195 2.71985
0.205358 1.75259 2.72698
0.205785 1.77375 2.73373
0.206212 1.7954 2.74006
0.206642 1.81755 2.74595
0.207073 1.8402 2.75135
0.207507 1.86332 2.75623
0.207942 1.88691 2.76056
0.208378 1.91096 2.76429
0.208817 1.93545 2.76738
0.209258 1.96036 2.76981
0.2097 1.98567 2.77152
0.210144 2.01134 2.77249
0.210591 2.03734 2.77267
0.211039 2.06365 2.77202
0.211489 2.09022 2.77052
0.21194 2.117 2.76813
0.212394 2.14396 2.76482
0.21285 2.17103 2.76055
0.213308 2.19818 2.75531
0.213768 2.22534 2.74908
0.214229 2.25244 2.74184
0.214693 2.27943 2.73358
0.215159 2.30624 2.72428
0.215626 2.33281 2.71395
0.216096 2.35906 2.7026
0.216568 2.38493 2.69023
0.217042 2.41034 2.67686
0.217518 2.43524 2.66252
0.217996 2.45955 2.64722
0.218476 2.48321 2.63102
0.218958 2.50615 2.61394
0.219443 2.52833 2.59603
0.219929 2.54968 2.57734
0.220418 2.57016 2.55794
0.220909 2.58971 2.53788
0.221402 2.60831 2.51722
0.221897 2.62592 2.49603
0.222395 2.64252 2.47438
0.222895 2.65807 2.45234
0.223397 2.67258 2.42998
0.223901 2.68602 2.40737
0.224408 2.6984 2.38458
0.224916 2.70973 2.36168
0.225428 2.72 2.33873
0.225941 2.72905 2.31606
0.226457 2.73726 2.29322
0.226975 2.74449 2.27053
0.227496 2.75076 2.24803
0.228019 2.75609 2.22578
0.228544 2.76051 2.20382
0.229072 2.76408 2.18221
0.229602 2.76681 2.16098
0.230135 2.76877 2.14016
0.23067 2.76997 2.1198
0.231208 2.77047 2.09991
0.231748 2.7703 2.08053
0.232291 2.76951 2.06167
0.232836 2.76814 2.04335
0.233384 2.76623 2.02559
0.233934 2.76382 2.00839
0.234487 2.76095 1.99177
0.235043 2.75766 1.97573
0.235601 2.75398 1.96027
0.236162 2.74995 1.94541
0.236726 2.7456 1.93113
0.237292 2.74097 1.91744
0.237861 2.73608 1.90433
0.238433 2.73097 1.89179
0.239008 2.72567 1.87983
0.239585 2.72019 1.86843
0.240165 2.71458 1.85759
0.240748 2.70884 1.8473
0.241334 2.70301 1.83755
0.241922 2.69709 1.82832
0.242514 2.69112 1.81963
0.243108 2.68511 1.81144
0.243706 2.67908 1.80375
0.244306 2.67305 1.79655
0.244909 2.66702 1.78983
0.245515 2.66101 1.78359
0.246124 2.65504 1.7778
0.246737 2.64912 1.77247
0.247352 2.64326 1.76758
0.24797 2.63747 1.76312
0.248592 2.63176 1.75909
0.249216 2.62613 1.75547
0.249844 2.62061 1.75227
0.250475 2.61519 1.74946
0.251109 2.60988 1.74705
0.251747 2.60469 1.74502
0.252387 2.59964 1.74337
0.253031 2.59471 1.74211
0.253678 2.58993 1.74121
0.254329 2.58529 1.74068
0.254982 2.58081 1.74051
0.25564 2.57649 1.7407
0.2563 2.57233 1.74125
0.256964 2.56835 1.74215
0.257632 2.56455 1.74341
0.258302 2.56094 1.74502
0.258977 2.55751 1.74699
0.259655 2.5543 1.74931
0.260336 2.55129 1.75198
0.261021 2.54851 1.75501
0.26171 2.54596 1.7584
0.262402 2.54365 1.76215
0.263099 2.5416 1.76627
0.263798 2.53982 1.77076
0.264502 2.53833 1.77562
0.265209 2.53714 1.78087
0.26592 2.53627 1.78649
0.266635 2.53575 1.79251
0.267353 2.5356 1.79892
0.268076 2.53585 1.80573
0.268803 2.53652 1.81294
0.269533 2.53765 1.82056
0.270267 2.53927 1.82858
0.271006 2.54144 1.83701
0.271748 2.54418 1.84583
0.272495 2.54756 1.85506
0.273246 2.55162 1.86466
0.274 2.55641 1.87463
0.274759 2.56202 1.88495
0.275523 2.56849 1.89557
0.27629 2.5759 1.90647
0.277062 2.58432 1.9176
0.277838 2.59384 1.92889
0.278618 2.60452 1.94026
0.279403 2.61644 1.95163
0.280193 2.62968 1.96288
0.280986 2.6443 1.97388
0.281785 2.66035 1.98448
0.282587 2.67788 1.9945
0.283395 2.69691 2.00375
0.284207 2.71742 2.01199
0.285023 2.73935 2.019
0.285845 2.76261 2.02453
0.286671 2.78705 2.02834
0.287502 2.81245 2.03018
0.288338 2.83855 2.02985
0.289178 2.86503 2.0272
0.290024 2.89151 2.02213
0.290874 2.9176 2.01462
0.29173 2.9429 2.00473
0.29259 2.96699 1.9926
0.293456 2.98953 1.97847
0.294327 3.01019 1.96265
0.295203 3.02842 1.94629
0.296084 3.04471 1.92823
0.29697 3.05865 1.90965
0.297862 3.07027 1.89096
0.298759 3.07963 1.87256
0.299662 3.08689 1.85478
0.30057 3.09224 1.83794
0.301484 3.09591 1.82228
0.302403 3.09816 1.80802
0.303328 3.09925 1.7953
0.304258 3.09945 1.78423
0.305194 3.09902 1.77489
0.306136 3.09824 1.76732
0.307084 3.09733 1.76151
0.308038 3.09655 1.75747
0.308997 3.09613 1.75514
0.309963 3.09627 1.75448
0.310935 3.09719 1.75543
0.311912 3.09909 1.7579
0.312896 3.10218 1.76179
0.313887 3.10666 1.76701
0.314883 3.11271 1.77341
0.315886 3.12053 1.78085
0.316895 3.13032 1.78917
0.317911 3.14226 1.79815
0.318933 3.15655 1.80758
0.319962 3.17334 1.81719
0.320997 3.19279 1.82665
0.322039 3.21504 1.83563
0.323088 3.24015 1.84371
0.324144 3.26815 1.85046
0.325207 3.29901 1.85539
0.326277 3.33258 1.85801
0.327354 3.36864 1.85781
0.328438 3.40686 1.85429
0.329529 3.44678 1.84702
0.330627 3.48786 1.83562
0.331733 3.52945 1.81984
0.332846 3.57086 1.79953
0.333967 3.61137 1.77469
0.335095 3.65026 1.7455
0.336231 3.68684 1.71225
0.337375 3.72053 1.67537
0.338526 3.75085 1.63538
0.339685 3.77743 1.59289
0.340853 3.80007 1.54854
0.342028 3.81865 1.50295
0.343212 3.83322 1.45674
0.344403 3.84389 1.41045
0.345603 3.85089 1.36458
0.346812 3.85449 1.31953
0.348029 3.85497 1.27565
0.349254 3.85269 1.23319
0.350488 3.84795 1.19235
0.351731 3.8411 1.15325
0.352983 3.83244 1.11597
0.354243 3.82154 1.08033
0.355513 3.8101 1.04677
0.356792 3.79763 1.01502
0.35808 3.78433 0.985048
0.359377 3.7704 0.956778
0.360684 3.756 0.930138
0.362001 3.74126 0.905048
0.363327 3.7263 0.881419
0.364662 3.71122 0.859168
0.366008 3.6961 0.838206
0.367364 3.68103 0.818451
0.368729 3.66605 0.799822
0.370105 3.65121 0.782239
0.371491 3.63656 0.765629
0.372888 3.62213 0.749922
0.374295 3.60754 0.735162
0.375713 3.59359 0.721069
0.377141 3.57991 0.707692
0.378581 3.56637 0.695014
0.380031 3.55295 0.682904
0.381493 3.54013 0.671359
0.382966 3.52759 0.66033
0.38445 3.51533 0.649774
0.385946 3.50335 0.639653
0.387454 3.49165 0.629931
0.388973 3.48019 0.620574
0.390505 3.46897 0.611553
0.392048 3.45797 0.60284
0.393604 3.44715 0.594414
0.395172 3.43648 0.58626
0.396753 3.42591 0.578373
0.398346 3.41537 0.570769
0.399952 3.40478 0.563493
0.401571 3.39403 0.556659
0.403204 3.38295 0.550512
0.40485 3.37141 0.545588
0.406509 3.3596 0.543052
0.408182 3.34928 0.545023
0.409868 3.34736 0.552395
0.411569 3.35968 0.549946
0.413284 3.36474 0.527934
0.415013 3.35457 0.507657
0.416757 3.34043 0.495009
0.418515 3.32701 0.486771
0.420289 3.3149 0.480705
0.422077 3.30396 0.475772
0.423881 3.29393 0.471486
0.4257 3.28465 0.467605
0.427535 3.27597 0.463998
0.429386 3.2678 0.460587
0.431253 3.26007 0.457325
0.433136 3.25274 0.45418
0.435036 3.24577 0.451128
0.436952 3.23911 0.448154
0.438886 3.23276 0.445243
0.440836 3.22668 0.442385
0.442804 3.22087 0.43957
0.44479 3.2153 0.43679
0.446793 3.20998 0.434039
0.448815 3.20488 0.431309
0.450855 3.19956 0.428669
0.452914 3.19475 0.425972
0.454991 3.19028 0.423271
0.457088 3.186 0.420568
0.459204 3.1815 0.417882
0.46134 3.17761 0.415158
0.463496 3.17391 0.412416
0.465672 3.17023 0.409677
0.467869 3.16687 0.406883
0.470086 3.16367 0.404054
0.472325 3.16064 0.401186
0.474584 3.15777 0.398273
0.476866 3.15505 0.395308
0.47917 3.15249 0.392287
0.481496 3.15007 0.389203
0.483845 3.14781 0.38605
0.486216 3.14568 0.382822
0.488612 3.1437 0.379512
0.49103 3.14185 0.376112
0.493473 3.14014 0.372616
0.495941 3.13855 0.369016
0.498433 3.13709 0.365304
0.50095 3.13576 0.36147
0.503493 3.13454 0.357506
0.506062 3.13343 0.353403
0.508657 3.13243 0.349148
0.511279 3.13154 0.344732
0.513928 3.13074 0.340141
0.516605 3.13002 0.335364
0.51931 3.12939 0.330385
0.522043 3.12882 0.325188
0.524805 3.12832 0.319759
0.527597 3.12785 0.314076
0.530418 3.12741 0.308122
0.53327 3.12697 0.301873
0.536152 3.12651 0.295306
0.539066 3.12599 0.288394
0.542012 3.12537 0.281112
0.54499 3.12459 0.273431
0.548001 3.12357 0.265324
0.551045 3.12221 0.25677
0.554124 3.12036 0.247763
0.557237 3.11782 0.238332
0.560385 3.11429 0.228581
0.563569 3.10935 0.218791
0.566789 3.10181 0.210032
0.570047 3.09223 0.203467
0.573342 3.08091 0.203332
0.576675 3.07598 0.215293
0.580048 3.09788 0.22864
0.58346 3.13259 0.203397
0.586912 3.13299 0.158789
0.590406 3.11354 0.129125
0.593941 3.09155 0.11213
0.597519 3.07236 0.102133
0.60114 3.05556 0.095596
0.604806 3.04072 0.09097
0.608516 3.02743 0.087479
0.612272 3.01535 0.084706
0.616075 3.00424 0.082412
0.619926 2.99392 0.080454
0.623825 2.98426 0.07874
0.627773 2.97515 0.077208
0.631772 2.96652 0.075817
0.635821 2.95831 0.074537
0.639924 2.95045 0.073346
0.644079 2.94292 0.07223
0.648289 2.93568 0.071174
0.652554 2.9287 0.070172
0.656875 2.92196 0.069213
0.661254 2.91543 0.068294
0.665692 2.9091 0.067409
0.67019 2.90295 0.066554
0.674749 2.89697 0.065726
0.679371 2.89116 0.064923
0.684056 2.88549 0.064142
0.688807 2.87996 0.06338
0.693623 2.87457 0.062638
0.698508 2.86929 0.061912
0.703462 2.86414 0.061203
0.708487 2.85909 0.060508
0.713584 2.85415 0.059828
0.718755 2.84932 0.05916
0.724001 2.84458 0.058504
0.729325 2.83993 0.05786
0.734727 2.83537 0.057228
0.74021 2.83089 0.056605
0.745776 2.8265 0.055993
0.751425 2.82219 0.05539
0.757161 2.81795 0.054796
0.762986 2.81379 0.054211
0.7689 2.80969 0.053634
0.774907 2.80566 0.053066
0.781009 2.80154 0.052501
0.787207 2.79765 0.051948
0.793505 2.79382 0.051402
0.799904 2.79005 0.050863
0.806408 2.78634 0.050331
0.813018 2.78269 0.049805
0.819737 2.77909 0.049286
0.826568 2.77506 0.048763
0.833514 2.77157 0.048257
0.840577 2.76774 0.047724
0.847762 2.76436 0.047229
0.85507 2.76103 0.046739
0.862506 2.75775 0.046254
0.870071 2.75451 0.045775
0.877771 2.75132 0.045301
0.885608 2.74817 0.044832
0.893587 2.74507 0.044367
0.90171 2.74201 0.043907
0.909983 2.73899 0.043452
0.918409 2.73602 0.043001
0.926992 2.73308 0.042555
0.935737 2.73018 0.042113
0.944649 2.72732 0.041675
0.953732 2.72451 0.041241
0.962992 2.72172 0.040811
0.972433 2.71898 0.040385
0.982061 2.71627 0.039963
0.991881 2.71359 0.039544
1.0019 2.71095 0.03913
1.01212 2.70835 0.038718
1.02256 2.70578 0.038311
1.03321 2.70324 0.037907
1.04409 2.70074 0.037506
1.05519 2.69827 0.037108
1.06654 2.69583 0.036714
1.07813 2.69342 0.036323
1.08998 2.69104 0.035935
1.10209 2.6887 0.03555
1.11447 2.68638 0.035168
1.12714 2.68409 0.034789
1.14009 2.68183 0.034413
1.15335 2.67961 0.03404
1.16692 2.67741 0.033669
1.18081 2.67523 0.033302
1.19504 2.67309 0.032936
1.20961 2.67097 0.032574
1.22454 2.66889 0.032214
1.23985 2.66682 0.031857
1.25555 2.66479 0.031502
1.27164 2.66278 0.031149
1.28816 2.6608 0.030799
1.30511 2.65884 0.030452
1.32251 2.65691 0.030106
1.34038 2.655 0.029763
1.35874 2.65312 0.029422
1.37761 2.65126 0.029084
1.39702 2.64943 0.028747
1.41697 2.64762 0.028413
1.43751 2.64584 0.02808
1.45865 2.64408 0.02775
1.48042 2.64234 0.027421
1.50285 2.64062 0.027095
1.52597 2.63893 0.02677
1.54981 2.63727 0.026448
1.57441 2.63562 0.026127
1.59981 2.634 0.025808
1.62604 2.6324 0.025491
1.65314 2.63082 0.025176
1.68115 2.62926 0.024862
1.71014 2.62772 0.02455
1.74014 2.62621 0.02424
1.77122 2.62472 0.023931
