nk
0.196802 1.77122 
SOPRA N&K Database
449
0.196802 1.74365 2.67441
0.197193 1.76544 2.67853
0.197586 1.78763 2.68216
0.19798 1.81019 2.68525
0.198376 1.83312 2.68778
0.198774 1.85639 2.68971
0.199173 1.87999 2.69102
0.199574 1.9039 2.69167
0.199976 1.92809 2.69164
0.20038 1.95253 2.69089
0.200786 1.97718 2.68941
0.201193 2.00203 2.68716
0.201602 2.02703 2.68412
0.202013 2.05213 2.68027
0.202425 2.07731 2.67558
0.202839 2.10251 2.67004
0.203254 2.12769 2.66364
0.203672 2.1528 2.65636
0.204091 2.17779 2.64819
0.204512 2.20261 2.63913
0.204934 2.2272 2.62918
0.205358 2.25151 2.61835
0.205785 2.27549 2.60664
0.206212 2.29908 2.59406
0.206642 2.32223 2.58063
0.207073 2.34488 2.56638
0.207507 2.36698 2.55133
0.207942 2.38849 2.5355
0.208378 2.40935 2.51894
0.208817 2.42952 2.50168
0.209258 2.44896 2.48376
0.2097 2.46762 2.46523
0.210144 2.48549 2.44613
0.210591 2.50252 2.42653
0.211039 2.51869 2.40646
0.211489 2.53397 2.38598
0.21194 2.54836 2.36515
0.212394 2.56183 2.34403
0.21285 2.57438 2.32266
0.213308 2.586 2.30111
0.213768 2.5967 2.27943
0.214229 2.60647 2.25768
0.214693 2.61534 2.2359
0.215159 2.6233 2.21415
0.215626 2.63037 2.19248
0.216096 2.63658 2.17093
0.216568 2.64195 2.14955
0.217042 2.64628 2.12864
0.217518 2.65002 2.10772
0.217996 2.65299 2.08708
0.218476 2.65522 2.06676
0.218958 2.65674 2.04679
0.219443 2.65759 2.02719
0.219929 2.65778 2.00799
0.220418 2.65736 1.98921
0.220909 2.65637 1.97087
0.221402 2.65482 1.953
0.221897 2.65275 1.93559
0.222395 2.6502 1.91866
0.222895 2.6472 1.90223
0.223397 2.64377 1.8863
0.223901 2.63996 1.87087
0.224408 2.63577 1.85596
0.224916 2.63126 1.84156
0.225428 2.62643 1.82768
0.225941 2.62133 1.81432
0.226457 2.61597 1.80147
0.226975 2.61037 1.78913
0.227496 2.60457 1.7773
0.228019 2.59858 1.76597
0.228544 2.59243 1.75515
0.229072 2.58613 1.74482
0.229602 2.57971 1.73498
0.230135 2.57317 1.72563
0.23067 2.56655 1.71675
0.231208 2.55985 1.70835
0.231748 2.55309 1.7004
0.232291 2.54628 1.69292
0.232836 2.53945 1.68588
0.233384 2.53259 1.67928
0.233934 2.52572 1.67313
0.234487 2.51886 1.66739
0.235043 2.51202 1.66208
0.235601 2.5052 1.65719
0.236162 2.49841 1.6527
0.236726 2.49167 1.64861
0.237292 2.48498 1.64492
0.237861 2.47835 1.64162
0.238433 2.47178 1.6387
0.239008 2.46529 1.63615
0.239585 2.45889 1.63398
0.240165 2.45257 1.63218
0.240748 2.44634 1.63074
0.241334 2.44022 1.62966
0.241922 2.4342 1.62894
0.242514 2.4283 1.62857
0.243108 2.42251 1.62855
0.243706 2.41685 1.62888
0.244306 2.41132 1.62955
0.244909 2.40593 1.63056
0.245515 2.40068 1.63192
0.246124 2.39558 1.63362
0.246737 2.39064 1.63566
0.247352 2.38585 1.63804
0.24797 2.38124 1.64076
0.248592 2.37681 1.64382
0.249216 2.37256 1.64722
0.249844 2.3685 1.65097
0.250475 2.36465 1.65507
0.251109 2.36101 1.65951
0.251747 2.3576 1.6643
0.252387 2.35442 1.66945
0.253031 2.35149 1.67496
0.253678 2.34883 1.68082
0.254329 2.34644 1.68705
0.254982 2.34435 1.69364
0.25564 2.34258 1.7006
0.2563 2.34113 1.70793
0.256964 2.34004 1.71564
0.257632 2.33933 1.72371
0.258302 2.33903 1.73217
0.258977 2.33915 1.741
0.259655 2.33974 1.7502
0.260336 2.34082 1.75976
0.261021 2.34243 1.7697
0.26171 2.34461 1.77998
0.262402 2.34739 1.79061
0.263099 2.35082 1.80156
0.263798 2.35494 1.81282
0.264502 2.3598 1.82436
0.265209 2.36544 1.83615
0.26592 2.37192 1.84816
0.266635 2.37929 1.86034
0.267353 2.38759 1.87263
0.268076 2.39687 1.88498
0.268803 2.40718 1.89732
0.269533 2.41856 1.90957
0.270267 2.43104 1.92163
0.271006 2.44466 1.9334
0.271748 2.45942 1.94477
0.272495 2.47534 1.95563
0.273246 2.49241 1.96584
0.274 2.51059 1.97526
0.274759 2.52984 1.98375
0.275523 2.55008 1.99116
0.27629 2.57121 1.99737
0.277062 2.59311 2.00223
0.277838 2.61562 2.00562
0.278618 2.63855 2.00746
0.279403 2.66171 2.00767
0.280193 2.68487 2.00623
0.280986 2.70779 2.00313
0.281785 2.73025 1.99842
0.282587 2.752 1.99221
0.283395 2.77259 1.98548
0.284207 2.79232 1.97671
0.285023 2.8108 1.96696
0.285845 2.8279 1.95645
0.286671 2.84356 1.94545
0.287502 2.85775 1.93422
0.288338 2.8705 1.92301
0.289178 2.88188 1.91207
0.290024 2.89199 1.90163
0.290874 2.90099 1.89189
0.29173 2.90903 1.88302
0.29259 2.91632 1.87518
0.293456 2.92306 1.86846
0.294327 2.92947 1.86295
0.295203 2.93578 1.85869
0.296084 2.94221 1.85569
0.29697 2.949 1.85392
0.297862 2.95635 1.85336
0.298759 2.96448 1.85391
0.299662 2.9736 1.85547
0.30057 2.9839 1.85793
0.301484 2.99556 1.86112
0.302403 3.00873 1.86486
0.303328 3.02357 1.86896
0.304258 3.04018 1.87319
0.305194 3.05868 1.87729
0.306136 3.07911 1.88101
0.307084 3.10152 1.88406
0.308038 3.12588 1.88614
0.308997 3.15216 1.88693
0.309963 3.18024 1.88614
0.310935 3.20998 1.88344
0.311912 3.24117 1.87855
0.312896 3.27356 1.8712
0.313887 3.30683 1.86117
0.314883 3.34063 1.84826
0.315886 3.37457 1.83236
0.316895 3.40824 1.8134
0.317911 3.44121 1.79141
0.318933 3.47307 1.76646
0.319962 3.50342 1.73873
0.320997 3.53189 1.70844
0.322039 3.55817 1.67587
0.323088 3.58202 1.64135
0.324144 3.60323 1.60524
0.325207 3.62168 1.5679
0.326277 3.63732 1.52972
0.327354 3.65015 1.49105
0.328438 3.66022 1.45224
0.329529 3.66765 1.41358
0.330627 3.67257 1.37535
0.331733 3.67515 1.33779
0.332846 3.67556 1.3011
0.333967 3.67401 1.26542
0.335095 3.6707 1.23088
0.336231 3.66582 1.19756
0.337375 3.65956 1.16554
0.338526 3.65137 1.13459
0.339685 3.6429 1.10524
0.340853 3.63355 1.07722
0.342028 3.62347 1.05052
0.343212 3.6128 1.0251
0.344403 3.60164 1.00093
0.345603 3.5901 0.977967
0.346812 3.57828 0.956162
0.348029 3.56625 0.935464
0.349254 3.55409 0.91582
0.350488 3.54185 0.897177
0.351731 3.5296 0.879482
0.352983 3.51737 0.862683
0.354243 3.50522 0.846729
0.355513 3.49316 0.831571
0.356792 3.48124 0.817161
0.35808 3.46947 0.803453
0.359377 3.45787 0.790405
0.360684 3.44646 0.777974
0.362001 3.43526 0.766123
0.363327 3.42428 0.754811
0.364662 3.41351 0.744006
0.366008 3.40298 0.733673
0.367364 3.39228 0.723892
0.368729 3.3822 0.714415
0.370105 3.37236 0.70532
0.371491 3.36277 0.696582
0.372888 3.35341 0.688175
0.374295 3.34414 0.680115
0.375713 3.33525 0.672302
0.377141 3.32626 0.664746
0.378581 3.31782 0.65744
0.380031 3.30961 0.650357
0.381493 3.30161 0.643479
0.382966 3.29383 0.63679
0.38445 3.28625 0.630272
0.385946 3.27887 0.623909
0.387454 3.27167 0.617686
0.388973 3.26465 0.611589
0.390505 3.2578 0.605605
0.392048 3.2511 0.599721
0.393604 3.24453 0.593925
0.395172 3.23809 0.588208
0.396753 3.23174 0.582563
0.398346 3.22545 0.576986
0.399952 3.21919 0.571477
0.401571 3.21292 0.566049
0.403204 3.20657 0.560727
0.40485 3.20006 0.555565
0.406509 3.19328 0.550668
0.408182 3.1861 0.54624
0.409868 3.17838 0.542683
0.411569 3.17007 0.540811
0.413284 3.16176 0.542213
0.415013 3.15593 0.550042
0.416757 3.16274 0.560527
0.418515 3.18372 0.556979
0.420289 3.19448 0.53266
0.422077 3.18724 0.509894
0.423881 3.17542 0.495967
0.4257 3.16399 0.487299
0.427535 3.15392 0.481316
0.429386 3.1451 0.476733
0.431253 3.13715 0.472953
0.433136 3.13015 0.469599
0.435036 3.12381 0.466525
0.436952 3.118 0.463631
0.438886 3.11265 0.460853
0.440836 3.1077 0.458151
0.442804 3.10308 0.455499
0.44479 3.09878 0.452875
0.446793 3.09476 0.450265
0.448815 3.091 0.447658
0.450855 3.08748 0.445043
0.452914 3.08418 0.442413
0.454991 3.08109 0.43976
0.457088 3.0782 0.437077
0.459204 3.0755 0.434359
0.46134 3.07298 0.431599
0.463496 3.07064 0.428792
0.465672 3.06846 0.425932
0.467869 3.06645 0.423013
0.470086 3.06459 0.42003
0.472325 3.06288 0.416976
0.474584 3.06132 0.413847
0.476866 3.05975 0.410645
0.47917 3.05846 0.407344
0.481496 3.05732 0.403948
0.483845 3.0563 0.40045
0.486216 3.05496 0.396874
0.488612 3.0542 0.393148
0.49103 3.05355 0.389298
0.493473 3.053 0.385314
0.495941 3.05257 0.381188
0.498433 3.05223 0.376909
0.50095 3.05198 0.372467
0.503493 3.05182 0.367851
0.506062 3.05174 0.36305
0.508657 3.05172 0.358051
0.511279 3.05177 0.352839
0.513928 3.05186 0.3474
0.516605 3.05199 0.341718
0.51931 3.05213 0.335775
0.522043 3.05227 0.329552
0.524805 3.05238 0.323031
0.527597 3.05242 0.316188
0.530418 3.05237 0.309002
0.53327 3.05218 0.30145
0.536152 3.05177 0.293511
0.539066 3.05106 0.285168
0.542012 3.04995 0.276411
0.54499 3.04827 0.267254
0.548001 3.04583 0.257749
0.551045 3.04231 0.248034
0.554124 3.03668 0.238753
0.557237 3.02957 0.230099
0.560385 3.01992 0.223949
0.563569 3.00821 0.223811
0.566789 3.00005 0.235435
0.570047 3.01352 0.25689
0.573342 3.05755 0.25345
0.576675 3.08371 0.206815
0.580048 3.07357 0.161653
0.58346 3.0515 0.133775
0.586912 3.02938 0.117296
0.590406 3.00908 0.106785
0.593941 2.99183 0.099836
0.597519 2.97655 0.094824
0.60114 2.96284 0.091005
0.604806 2.95038 0.087964
0.608516 2.93895 0.085454
0.612272 2.92834 0.08332
0.616075 2.91844 0.081463
0.619926 2.90912 0.079814
0.623825 2.90031 0.078327
0.627773 2.89194 0.076967
0.631772 2.88396 0.075711
0.635821 2.87633 0.07454
0.639924 2.869 0.073439
0.644079 2.86194 0.072398
0.648289 2.85514 0.071408
0.652554 2.84857 0.070462
0.656875 2.84221 0.069554
0.661254 2.83604 0.06868
0.665692 2.83006 0.067837
0.67019 2.82424 0.06702
0.674749 2.81857 0.066228
0.679371 2.81305 0.065459
0.684056 2.80768 0.064709
0.688807 2.80242 0.063978
0.693623 2.7973 0.063264
0.698508 2.79228 0.062566
0.703462 2.78738 0.061882
0.708487 2.78258 0.061213
0.713584 2.77788 0.060556
0.718755 2.77328 0.059912
0.724001 2.76876 0.059279
0.729325 2.76434 0.058657
0.734727 2.75999 0.058045
0.74021 2.75573 0.057443
0.745776 2.75155 0.056851
0.751425 2.74744 0.056267
0.757161 2.7434 0.055692
0.762986 2.73943 0.055125
0.7689 2.73553 0.054566
0.774907 2.7317 0.054015
0.781009 2.72792 0.053471
0.787207 2.72421 0.052934
0.793505 2.72056 0.052404
0.799904 2.71696 0.05188
0.806408 2.71342 0.051363
0.813018 2.70993 0.050851
0.819737 2.7065 0.050346
0.826568 2.70312 0.049847
0.833514 2.69979 0.049353
0.840577 2.69609 0.048828
0.847762 2.69286 0.048345
0.85507 2.68967 0.047868
0.862506 2.68636 0.047392
0.870071 2.68327 0.046925
0.877771 2.68022 0.046462
0.885608 2.67721 0.046003
0.893587 2.67424 0.04555
0.90171 2.67132 0.0451
0.909983 2.66843 0.044655
0.918409 2.66559 0.044214
0.926992 2.66278 0.043778
0.935737 2.6595 0.043338
0.944649 2.65677 0.04291
0.953732 2.65408 0.042485
0.962992 2.65143 0.042064
0.972433 2.64881 0.041647
0.982061 2.64622 0.041233
0.991881 2.64367 0.040823
1.0019 2.64115 0.040416
1.01212 2.63867 0.040013
1.02256 2.63621 0.039613
1.03321 2.63379 0.039216
1.04409 2.6314 0.038823
1.05519 2.62904 0.038432
1.06654 2.62671 0.038045
1.07813 2.62441 0.037661
1.08998 2.62213 0.037279
1.10209 2.61989 0.036901
1.11447 2.61768 0.036525
1.12714 2.61549 0.036152
1.14009 2.61333 0.035782
1.15335 2.6112 0.035414
1.16692 2.6091 0.035049
1.18081 2.60702 0.034687
1.19504 2.60497 0.034327
1.20961 2.60294 0.03397
1.22454 2.60094 0.033615
1.23985 2.59897 0.033263
1.25555 2.59702 0.032913
1.27164 2.5951 0.032565
1.28816 2.5932 0.03222
1.30511 2.59132 0.031877
1.32251 2.58947 0.031535
1.34038 2.58764 0.031197
1.35874 2.58584 0.03086
1.37761 2.58406 0.030525
1.39702 2.5823 0.030193
1.41697 2.58056 0.029862
1.43751 2.57885 0.029533
1.45865 2.57716 0.029207
1.48042 2.57549 0.028882
1.50285 2.57384 0.028559
1.52597 2.57222 0.028238
1.54981 2.57061 0.027919
1.57441 2.56903 0.027601
1.59981 2.56747 0.027286
1.62604 2.56593 0.026972
1.65314 2.56441 0.026659
1.68115 2.56291 0.026349
1.71014 2.56143 0.02604
1.74014 2.55997 0.025732
1.77122 2.55853 0.025426
