nk
0.196802 1.77122 
SOPRA N&K Database
449
0.196802 2.46493 1.97519
0.197193 2.46976 1.95605
0.197586 2.4739 1.93702
0.19798 2.4774 1.91815
0.198376 2.48024 1.89945
0.198774 2.48246 1.88095
0.199173 2.48407 1.86267
0.199574 2.48508 1.84464
0.199976 2.48552 1.82688
0.20038 2.48541 1.80941
0.200786 2.48476 1.79224
0.201193 2.48359 1.7754
0.201602 2.48193 1.75889
0.202013 2.4798 1.74273
0.202425 2.4772 1.72693
0.202839 2.47418 1.71151
0.203254 2.47073 1.69647
0.203672 2.4669 1.68182
0.204091 2.46268 1.66758
0.204512 2.45811 1.65374
0.204934 2.45321 1.64032
0.205358 2.44798 1.62731
0.205785 2.44245 1.61473
0.206212 2.43664 1.60258
0.206642 2.43057 1.59085
0.207073 2.42424 1.57956
0.207507 2.41768 1.56869
0.207942 2.4109 1.55827
0.208378 2.40392 1.54828
0.208817 2.39675 1.53872
0.209258 2.38941 1.5296
0.2097 2.3819 1.52092
0.210144 2.37425 1.51267
0.210591 2.36647 1.50486
0.211039 2.35856 1.49748
0.211489 2.35055 1.49054
0.21194 2.34244 1.48402
0.212394 2.33424 1.47794
0.21285 2.32596 1.47229
0.213308 2.31762 1.46707
0.213768 2.30923 1.46228
0.214229 2.30079 1.45792
0.214693 2.29232 1.45398
0.215159 2.28383 1.45047
0.215626 2.27531 1.44739
0.216096 2.2668 1.44473
0.216568 2.25828 1.4425
0.217042 2.24978 1.44069
0.217518 2.24131 1.43931
0.217996 2.23286 1.43835
0.218476 2.22446 1.43782
0.218958 2.21611 1.43772
0.219443 2.20781 1.43804
0.219929 2.19959 1.43879
0.220418 2.19144 1.43998
0.220909 2.18339 1.44159
0.221402 2.17544 1.44363
0.221897 2.1676 1.44611
0.222395 2.15988 1.44902
0.222895 2.15229 1.45237
0.223397 2.14485 1.45616
0.223901 2.13757 1.46039
0.224408 2.13046 1.46507
0.224916 2.12354 1.47019
0.225428 2.11681 1.47575
0.225941 2.1103 1.48177
0.226457 2.10403 1.48823
0.226975 2.098 1.49515
0.227496 2.09223 1.50252
0.228019 2.08674 1.51034
0.228544 2.08156 1.51862
0.229072 2.0767 1.52735
0.229602 2.07219 1.53654
0.230135 2.06804 1.54618
0.23067 2.06428 1.55626
0.231208 2.06093 1.56679
0.231748 2.05802 1.57777
0.232291 2.05558 1.58918
0.232836 2.05362 1.60101
0.233384 2.0522 1.61327
0.233934 2.05132 1.62593
0.234487 2.05102 1.63899
0.235043 2.05133 1.65243
0.235601 2.05229 1.66623
0.236162 2.05393 1.68038
0.236726 2.05627 1.69485
0.237292 2.05935 1.70961
0.237861 2.06321 1.72464
0.238433 2.06788 1.7399
0.239008 2.07339 1.75535
0.239585 2.07976 1.77097
0.240165 2.08703 1.78669
0.240748 2.09522 1.80248
0.241334 2.10435 1.81828
0.241922 2.11446 1.83403
0.242514 2.12554 1.84968
0.243108 2.13762 1.86517
0.243706 2.1507 1.88042
0.244306 2.16477 1.89537
0.244909 2.17984 1.90994
0.245515 2.19589 1.92407
0.246124 2.21289 1.93767
0.246737 2.23082 1.95069
0.247352 2.24964 1.96304
0.24797 2.2693 1.97467
0.248592 2.28965 1.98652
0.249216 2.31083 1.99653
0.249844 2.33266 2.00564
0.250475 2.35507 2.01383
0.251109 2.37798 2.02106
0.251747 2.4013 2.02732
0.252387 2.42495 2.03261
0.253031 2.44884 2.03692
0.253678 2.47291 2.04029
0.254329 2.49709 2.04274
0.254982 2.5213 2.04432
0.25564 2.54551 2.04507
0.2563 2.56966 2.04506
0.256964 2.59375 2.04433
0.257632 2.61776 2.04296
0.258302 2.64169 2.04099
0.258977 2.66556 2.03847
0.259655 2.68941 2.03545
0.260336 2.71328 2.03194
0.261021 2.7372 2.02798
0.26171 2.76124 2.02354
0.262402 2.78544 2.01863
0.263099 2.80986 2.01321
0.263798 2.83453 2.00722
0.264502 2.85951 2.0006
0.265209 2.88479 1.99327
0.26592 2.9104 1.98516
0.266635 2.93632 1.97616
0.267353 2.96251 1.96618
0.268076 2.98894 1.95512
0.268803 3.01553 1.94288
0.269533 3.04218 1.92938
0.270267 3.06879 1.91455
0.271006 3.09524 1.89833
0.271748 3.12138 1.88067
0.272495 3.14708 1.86156
0.273246 3.17217 1.84101
0.274 3.19651 1.81902
0.274759 3.21994 1.79567
0.275523 3.24231 1.77101
0.27629 3.2635 1.74515
0.277062 3.28338 1.71819
0.277838 3.30186 1.69025
0.278618 3.31883 1.66149
0.279403 3.33426 1.63204
0.280193 3.34808 1.60206
0.280986 3.36029 1.5717
0.281785 3.37087 1.54111
0.282587 3.37984 1.51044
0.283395 3.38725 1.47982
0.284207 3.39313 1.44938
0.285023 3.39755 1.41925
0.285845 3.40057 1.38951
0.286671 3.40228 1.36028
0.287502 3.40276 1.33161
0.288338 3.40209 1.30359
0.289178 3.40036 1.27627
0.290024 3.39767 1.24968
0.290874 3.39409 1.22387
0.29173 3.38895 1.19853
0.29259 3.38387 1.17434
0.293456 3.37815 1.15097
0.294327 3.37187 1.12842
0.295203 3.36509 1.10669
0.296084 3.35789 1.08577
0.29697 3.35032 1.06564
0.297862 3.34244 1.04629
0.298759 3.33429 1.0277
0.299662 3.32594 1.00984
0.30057 3.31741 0.992698
0.301484 3.30875 0.976248
0.302403 3.29999 0.960464
0.303328 3.29117 0.945323
0.304258 3.28231 0.930798
0.305194 3.27345 0.916865
0.306136 3.26459 0.903498
0.307084 3.25577 0.890674
0.308038 3.24699 0.878368
0.308997 3.23829 0.866559
0.309963 3.22966 0.85522
0.310935 3.22113 0.844333
0.311912 3.2127 0.833875
0.312896 3.20439 0.823825
0.313887 3.19619 0.814165
0.314883 3.18813 0.804874
0.315886 3.1802 0.795935
0.316895 3.17241 0.787331
0.317911 3.16477 0.779044
0.318933 3.15727 0.771058
0.319962 3.14992 0.763359
0.320997 3.14272 0.755932
0.322039 3.13568 0.748762
0.323088 3.1288 0.741836
0.324144 3.12207 0.735141
0.325207 3.1155 0.728666
0.326277 3.10908 0.722397
0.327354 3.10283 0.716326
0.328438 3.09673 0.710439
0.329529 3.09078 0.704728
0.330627 3.08456 0.699292
0.331733 3.07892 0.693904
0.332846 3.07344 0.688662
0.333967 3.06811 0.683559
0.335095 3.06293 0.678587
0.336231 3.0579 0.673736
0.337375 3.05301 0.669
0.338526 3.04828 0.664371
0.339685 3.04325 0.659961
0.340853 3.03879 0.655528
0.342028 3.03447 0.651182
0.343212 3.0303 0.646917
0.344403 3.02611 0.642762
0.345603 3.0222 0.638639
0.346812 3.01843 0.634578
0.348029 3.01463 0.630616
0.349254 3.01076 0.626651
0.350488 3.00738 0.622745
0.351731 3.00412 0.61888
0.352983 3.00098 0.61505
0.354243 2.99797 0.611251
0.355513 2.99507 0.607476
0.356792 2.99229 0.603722
0.35808 2.98963 0.599983
0.359377 2.98707 0.596255
0.360684 2.98463 0.592533
0.362001 2.98229 0.588811
0.363327 2.98005 0.585086
0.364662 2.97792 0.581352
0.366008 2.97588 0.577605
0.367364 2.97393 0.573841
0.368729 2.97208 0.570053
0.370105 2.97031 0.566238
0.371491 2.96862 0.562391
0.372888 2.967 0.558507
0.374295 2.96546 0.554582
0.375713 2.96398 0.550611
0.377141 2.96255 0.546588
0.378581 2.96117 0.542511
0.380031 2.95982 0.538375
0.381493 2.95851 0.534177
0.382966 2.9572 0.529914
0.38445 2.95588 0.525585
0.385946 2.95454 0.521191
0.387454 2.95314 0.516735
0.388973 2.95166 0.512225
0.390505 2.95004 0.50768
0.392048 2.94825 0.503126
0.393604 2.94621 0.498614
0.395172 2.94383 0.494228
0.396753 2.94102 0.490113
0.398346 2.93763 0.486528
0.399952 2.93355 0.483936
0.401571 2.92828 0.483703
0.403204 2.92346 0.486533
0.40485 2.92127 0.494898
0.406509 2.92866 0.508533
0.408182 2.95305 0.516393
0.409868 2.9827 0.500577
0.411569 2.99377 0.469903
0.413284 2.98902 0.444653
0.415013 2.9792 0.42784
0.416757 2.97011 0.416772
0.418515 2.96224 0.408742
0.420289 2.95562 0.402381
0.422077 2.95004 0.396959
0.423881 2.94531 0.392073
0.4257 2.94125 0.387489
0.427535 2.93775 0.383066
0.429386 2.93469 0.378714
0.431253 2.93201 0.374372
0.433136 2.92963 0.369998
0.435036 2.92752 0.365559
0.436952 2.92562 0.36103
0.438886 2.92391 0.356393
0.440836 2.92236 0.351627
0.442804 2.92092 0.346719
0.44479 2.91959 0.341654
0.446793 2.91832 0.336417
0.448815 2.9171 0.330997
0.450855 2.91589 0.325379
0.452914 2.91466 0.319552
0.454991 2.91337 0.313504
0.457088 2.91197 0.307226
0.459204 2.91043 0.300711
0.46134 2.90866 0.293955
0.463496 2.90659 0.286963
0.465672 2.90412 0.279754
0.467869 2.90111 0.272369
0.470086 2.89673 0.265149
0.472325 2.892 0.25779
0.474584 2.88601 0.250805
0.476866 2.87838 0.244752
0.47917 2.86872 0.240699
0.481496 2.85693 0.240699
0.483845 2.8444 0.248495
0.486216 2.83767 0.269065
0.488612 2.85346 0.300142
0.49103 2.90436 0.313226
0.493473 2.95608 0.276453
0.495941 2.96769 0.219159
0.498433 2.95241 0.175631
0.50095 2.93027 0.148085
0.503493 2.90857 0.130706
0.506062 2.88903 0.119219
0.508657 2.87171 0.111205
0.511279 2.85567 0.105187
0.513928 2.8414 0.100704
0.516605 2.82889 0.097143
0.51931 2.81742 0.094221
0.522043 2.80681 0.091759
0.524805 2.79693 0.089638
0.527597 2.78766 0.087775
0.530418 2.77893 0.086113
0.53327 2.77065 0.08461
0.536152 2.76278 0.083235
0.539066 2.75527 0.081965
0.542012 2.74807 0.080781
0.54499 2.74116 0.079671
0.548001 2.73451 0.078622
0.551045 2.7281 0.077627
0.554124 2.7219 0.076678
0.557237 2.71589 0.075769
0.560385 2.71007 0.074896
0.563569 2.70442 0.074055
0.566789 2.69893 0.073241
0.570047 2.69358 0.072454
0.573342 2.68837 0.071689
0.576675 2.68329 0.070946
0.580048 2.67833 0.070221
0.58346 2.67349 0.069515
0.586912 2.66875 0.068825
0.590406 2.66412 0.06815
0.593941 2.65959 0.067489
0.597519 2.65514 0.066842
0.60114 2.65079 0.066207
0.604806 2.64652 0.065583
0.608516 2.64234 0.064971
0.612272 2.63823 0.064369
0.616075 2.6342 0.063778
0.619926 2.63023 0.063195
0.623825 2.62634 0.062622
0.627773 2.62251 0.062057
0.631772 2.61875 0.0615
0.635821 2.61505 0.060952
0.639924 2.61141 0.06041
0.644079 2.60783 0.059877
0.648289 2.6043 0.05935
0.652554 2.60083 0.05883
0.656875 2.59741 0.058316
0.661254 2.59404 0.057809
0.665692 2.59072 0.057307
0.67019 2.58745 0.056812
0.674749 2.58423 0.056322
0.679371 2.58105 0.055838
0.684056 2.57792 0.05536
0.688807 2.57483 0.054886
0.693623 2.57178 0.054418
0.698508 2.56878 0.053955
0.703462 2.56581 0.053496
0.708487 2.56289 0.053042
0.713584 2.56 0.052593
0.718755 2.55715 0.052148
0.724001 2.5539 0.051665
0.729325 2.55112 0.051229
0.734727 2.54838 0.050797
0.74021 2.54568 0.05037
0.745776 2.543 0.049946
0.751425 2.54036 0.049527
0.757161 2.53776 0.049111
0.762986 2.53518 0.048699
0.7689 2.53264 0.04829
0.774907 2.53012 0.047886
0.781009 2.52764 0.047484
0.787207 2.52519 0.047086
0.793505 2.52276 0.046692
0.799904 2.52037 0.046301
0.806408 2.518 0.045913
0.813018 2.51566 0.045528
0.819737 2.51335 0.045147
0.826568 2.51106 0.044768
0.833514 2.5088 0.044393
0.840577 2.50656 0.04402
0.847762 2.50435 0.043651
0.85507 2.50217 0.043284
0.862506 2.50001 0.04292
0.870071 2.49769 0.042558
0.877771 2.49558 0.042199
0.885608 2.4935 0.041844
0.893587 2.49143 0.041491
0.90171 2.4894 0.04114
0.909983 2.48738 0.040792
0.918409 2.48538 0.040447
0.926992 2.48341 0.040104
0.935737 2.48146 0.039763
0.944649 2.47953 0.039425
0.953732 2.47762 0.039089
0.962992 2.47574 0.038756
0.972433 2.47331 0.038421
0.982061 2.47147 0.038092
0.991881 2.46965 0.037765
1.0019 2.46785 0.037441
1.01212 2.46607 0.037118
1.02256 2.46431 0.036798
1.03321 2.46256 0.03648
1.04409 2.46084 0.036163
1.05519 2.45913 0.035849
1.06654 2.45745 0.035537
1.07813 2.45578 0.035227
1.08998 2.45413 0.034918
1.10209 2.45249 0.034612
1.11447 2.45088 0.034307
1.12714 2.44928 0.034005
1.14009 2.4477 0.033704
1.15335 2.44614 0.033404
1.16692 2.44459 0.033107
1.18081 2.44306 0.032811
1.19504 2.44155 0.032517
1.20961 2.44006 0.032225
1.22454 2.43858 0.031934
1.23985 2.43711 0.031645
1.25555 2.43567 0.031357
1.27164 2.43424 0.031072
1.28816 2.43282 0.030787
1.30511 2.43142 0.030504
1.32251 2.43004 0.030223
1.34038 2.42867 0.029943
1.35874 2.42732 0.029665
1.37761 2.42598 0.029388
1.39702 2.42466 0.029112
1.41697 2.42335 0.028838
1.43751 2.42206 0.028566
1.45865 2.42078 0.028294
1.48042 2.41952 0.028024
1.50285 2.41827 0.027756
1.52597 2.41703 0.027488
1.54981 2.41581 0.027222
1.57441 2.4146 0.026957
1.59981 2.41341 0.026694
1.62604 2.41223 0.026431
1.65314 2.41107 0.02617
1.68115 2.40992 0.02591
1.71014 2.40878 0.025651
1.74014 2.40766 0.025394
1.77122 2.40655 0.025137
