nk
0.196802 1.77122 
SOPRA N&K Database
449
0.196802 2.43152 1.73316
0.197193 2.42964 1.71734
0.197586 2.4273 1.70185
0.19798 2.42451 1.68672
0.198376 2.42129 1.67195
0.198774 2.41764 1.65755
0.199173 2.41361 1.64354
0.199574 2.4092 1.62993
0.199976 2.40442 1.61671
0.20038 2.3993 1.60391
0.200786 2.39386 1.59152
0.201193 2.3881 1.57956
0.201602 2.38206 1.56802
0.202013 2.37573 1.55691
0.202425 2.36915 1.54624
0.202839 2.36232 1.53601
0.203254 2.35526 1.52622
0.203672 2.34798 1.51687
0.204091 2.3405 1.50798
0.204512 2.33284 1.49954
0.204934 2.325 1.49154
0.205358 2.317 1.48401
0.205785 2.30886 1.47693
0.206212 2.30058 1.4703
0.206642 2.29218 1.46414
0.207073 2.28368 1.45844
0.207507 2.27507 1.4532
0.207942 2.26639 1.44843
0.208378 2.25763 1.44412
0.208817 2.24881 1.44027
0.209258 2.23994 1.4369
0.2097 2.23103 1.43399
0.210144 2.2221 1.43156
0.210591 2.21316 1.42959
0.211039 2.20422 1.42811
0.211489 2.19528 1.4271
0.21194 2.18637 1.42657
0.212394 2.1775 1.42652
0.21285 2.16867 1.42696
0.213308 2.1599 1.42788
0.213768 2.15121 1.42929
0.214229 2.1426 1.43119
0.214693 2.1341 1.43359
0.215159 2.12571 1.43647
0.215626 2.11745 1.43986
0.216096 2.10934 1.44375
0.216568 2.10139 1.44814
0.217042 2.09362 1.45304
0.217518 2.08604 1.45844
0.217996 2.07869 1.46436
0.218476 2.07156 1.47078
0.218958 2.06469 1.47772
0.219443 2.05809 1.48516
0.219929 2.05179 1.49312
0.220418 2.0458 1.50159
0.220909 2.04015 1.51057
0.221402 2.03487 1.52006
0.221897 2.02999 1.53005
0.222395 2.02551 1.54054
0.222895 2.02149 1.55153
0.223397 2.01793 1.56301
0.223901 2.01487 1.57496
0.224408 2.01234 1.58739
0.224916 2.01038 1.60028
0.225428 2.009 1.61361
0.225941 2.00825 1.62738
0.226457 2.00815 1.64155
0.226975 2.00875 1.65612
0.227496 2.01006 1.67106
0.228019 2.01213 1.68634
0.228544 2.01498 1.70194
0.229072 2.01866 1.71783
0.229602 2.02318 1.73396
0.230135 2.02859 1.75031
0.23067 2.03491 1.76683
0.231208 2.04216 1.78347
0.231748 2.05038 1.80019
0.232291 2.05959 1.81694
0.232836 2.0698 1.83366
0.233384 2.08103 1.8503
0.233934 2.0933 1.86678
0.234487 2.1066 1.88306
0.235043 2.12095 1.89905
0.235601 2.13634 1.91471
0.236162 2.15277 1.92994
0.236726 2.1702 1.9447
0.237292 2.18863 1.9589
0.237861 2.20801 1.97247
0.238433 2.22833 1.98537
0.239008 2.24948 1.99854
0.239585 2.27153 2.00989
0.240165 2.29435 2.02038
0.240748 2.3179 2.02997
0.241334 2.34209 2.03862
0.241922 2.36688 2.0463
0.242514 2.39219 2.05298
0.243108 2.41796 2.05865
0.243706 2.44411 2.06331
0.244306 2.4706 2.06696
0.244909 2.49735 2.06961
0.245515 2.52432 2.07126
0.246124 2.55147 2.07194
0.246737 2.57876 2.07167
0.247352 2.60616 2.07046
0.24797 2.63366 2.06834
0.248592 2.66123 2.06531
0.249216 2.68886 2.06139
0.249844 2.71656 2.05657
0.250475 2.74432 2.05085
0.251109 2.77213 2.04422
0.251747 2.79998 2.03664
0.252387 2.82788 2.0281
0.253031 2.85578 2.01855
0.253678 2.88367 2.00794
0.254329 2.91151 1.99624
0.254982 2.93924 1.9834
0.25564 2.96679 1.96937
0.2563 2.9941 1.95411
0.256964 3.02108 1.93761
0.257632 3.04762 1.91983
0.258302 3.07362 1.90077
0.258977 3.09898 1.88043
0.259655 3.12357 1.85885
0.260336 3.14727 1.83605
0.261021 3.16999 1.81211
0.26171 3.19161 1.78707
0.262402 3.21203 1.76104
0.263099 3.23117 1.73411
0.263798 3.24896 1.7064
0.264502 3.26533 1.67801
0.265209 3.28025 1.64908
0.26592 3.29368 1.61972
0.266635 3.30561 1.59008
0.267353 3.31606 1.56027
0.268076 3.32503 1.53041
0.268803 3.33255 1.50063
0.269533 3.33867 1.47102
0.270267 3.34344 1.44169
0.271006 3.34692 1.41272
0.271748 3.34917 1.3842
0.272495 3.35027 1.35621
0.273246 3.3503 1.32878
0.274 3.34931 1.30199
0.274759 3.3474 1.27586
0.275523 3.34464 1.25043
0.27629 3.3411 1.22572
0.277062 3.33685 1.20176
0.277838 3.33197 1.17855
0.278618 3.32575 1.15573
0.279403 3.31981 1.13405
0.280193 3.31341 1.11311
0.280986 3.30663 1.09291
0.281785 3.2995 1.07344
0.282587 3.29209 1.05469
0.283395 3.28443 1.03664
0.284207 3.27657 1.01927
0.285023 3.26854 1.00255
0.285845 3.26038 0.98648
0.286671 3.25212 0.971026
0.287502 3.24378 0.95617
0.288338 3.2354 0.94189
0.289178 3.22699 0.928163
0.290024 3.21858 0.91497
0.290874 3.21019 0.902287
0.29173 3.20183 0.890095
0.29259 3.19352 0.878372
0.293456 3.18527 0.867099
0.294327 3.17709 0.856255
0.295203 3.169 0.845824
0.296084 3.161 0.835784
0.29697 3.15309 0.82612
0.297862 3.1453 0.816815
0.298759 3.13763 0.807851
0.299662 3.13007 0.799213
0.30057 3.12263 0.790885
0.301484 3.11533 0.782854
0.302403 3.10815 0.775105
0.303328 3.10111 0.767625
0.304258 3.09421 0.760401
0.305194 3.08744 0.75342
0.306136 3.08082 0.746672
0.307084 3.07433 0.740144
0.308038 3.06798 0.733826
0.308997 3.06135 0.727822
0.309963 3.05528 0.721893
0.310935 3.04935 0.716146
0.311912 3.04357 0.710569
0.312896 3.03792 0.705154
0.313887 3.03242 0.699894
0.314883 3.02705 0.694779
0.315886 3.02183 0.689803
0.316895 3.01674 0.684957
0.317911 3.01179 0.680236
0.318933 3.00697 0.675631
0.319962 3.00229 0.671137
0.320997 2.99774 0.666747
0.322039 2.99333 0.662455
0.323088 2.98889 0.658293
0.324144 2.98473 0.65418
0.325207 2.9807 0.650148
0.326277 2.97679 0.646192
0.327354 2.97301 0.642306
0.328438 2.96936 0.638486
0.329529 2.96582 0.634727
0.330627 2.96195 0.631144
0.331733 2.95865 0.627495
0.332846 2.95546 0.623893
0.333967 2.95239 0.620334
0.335095 2.94943 0.616814
0.336231 2.94659 0.613328
0.337375 2.94385 0.609873
0.338526 2.94107 0.606486
0.339685 2.93818 0.603065
0.340853 2.93577 0.599679
0.342028 2.93346 0.596308
0.343212 2.93125 0.592948
0.344403 2.92915 0.589596
0.345603 2.92714 0.586247
0.346812 2.92524 0.582899
0.348029 2.92342 0.579546
0.349254 2.92171 0.576187
0.350488 2.92008 0.572816
0.351731 2.91854 0.56943
0.352983 2.91709 0.566026
0.354243 2.91573 0.5626
0.355513 2.91445 0.559148
0.356792 2.91325 0.555667
0.35808 2.91213 0.552151
0.359377 2.91108 0.548599
0.360684 2.91011 0.545005
0.362001 2.9092 0.541366
0.363327 2.90836 0.537677
0.364662 2.90757 0.533935
0.366008 2.90685 0.530136
0.367364 2.90617 0.526275
0.368729 2.90554 0.522349
0.370105 2.90495 0.518353
0.371491 2.90438 0.514283
0.372888 2.90384 0.510136
0.374295 2.9033 0.505909
0.375713 2.90276 0.501599
0.377141 2.9022 0.497205
0.378581 2.9016 0.492725
0.380031 2.90095 0.488164
0.381493 2.9002 0.483528
0.382966 2.89933 0.478827
0.38445 2.89828 0.474083
0.385946 2.89701 0.469333
0.387454 2.89544 0.464637
0.388973 2.89347 0.460096
0.390505 2.89099 0.455888
0.392048 2.88787 0.452317
0.393604 2.88403 0.449931
0.395172 2.87899 0.450313
0.396753 2.8748 0.454187
0.398346 2.87429 0.463957
0.399952 2.88504 0.47809
0.401571 2.91287 0.483598
0.403204 2.94292 0.464444
0.40485 2.95341 0.432453
0.406509 2.94882 0.406401
0.408182 2.93927 0.388582
0.409868 2.93038 0.37646
0.411569 2.92261 0.367392
0.413284 2.91602 0.360023
0.415013 2.91043 0.353609
0.416757 2.90563 0.347732
0.418515 2.90146 0.342147
0.420289 2.89778 0.336702
0.422077 2.89448 0.331299
0.423881 2.89148 0.325872
0.4257 2.88869 0.320373
0.427535 2.88606 0.314767
0.429386 2.88351 0.309029
0.431253 2.88098 0.303137
0.433136 2.87842 0.297078
0.435036 2.87575 0.290845
0.436952 2.87289 0.284437
0.438886 2.86974 0.277867
0.440836 2.86619 0.271164
0.442804 2.8621 0.264388
0.44479 2.85653 0.257948
0.446793 2.85063 0.251517
0.448815 2.84343 0.245713
0.450855 2.83457 0.241217
0.452914 2.82371 0.239292
0.454991 2.81101 0.242293
0.457088 2.79862 0.254255
0.459204 2.79466 0.279613
0.46134 2.81664 0.313004
0.463496 2.87285 0.322965
0.465672 2.9248 0.282704
0.467869 2.9361 0.224677
0.470086 2.92145 0.180648
0.472325 2.89971 0.152419
0.474584 2.87819 0.134408
0.476866 2.85872 0.122422
0.47917 2.84141 0.114031
0.481496 2.82599 0.107873
0.483845 2.81152 0.103035
0.486216 2.79901 0.099317
0.488612 2.78754 0.096276
0.49103 2.77695 0.093721
0.493473 2.7671 0.091528
0.495941 2.75786 0.089609
0.498433 2.749 0.0879
0.50095 2.74077 0.086362
0.503493 2.73295 0.084959
0.506062 2.72549 0.083667
0.508657 2.71834 0.082466
0.511279 2.71149 0.081342
0.513928 2.70439 0.080276
0.516605 2.69805 0.079273
0.51931 2.69191 0.078318
0.522043 2.68598 0.077405
0.524805 2.68023 0.07653
0.527597 2.67465 0.075687
0.530418 2.66922 0.074873
0.53327 2.66394 0.074086
0.536152 2.6588 0.073322
0.539066 2.65379 0.072581
0.542012 2.6489 0.071859
0.54499 2.64412 0.071155
0.548001 2.63945 0.070468
0.551045 2.63488 0.069796
0.554124 2.63041 0.069139
0.557237 2.62603 0.068495
0.560385 2.62174 0.067864
0.563569 2.61754 0.067245
0.566789 2.61341 0.066637
0.570047 2.60936 0.06604
0.573342 2.60538 0.065452
0.576675 2.60148 0.064874
0.580048 2.59764 0.064306
0.58346 2.59387 0.063745
0.586912 2.59016 0.063193
0.590406 2.58651 0.062649
0.593941 2.58293 0.062113
0.597519 2.57939 0.061584
0.60114 2.57592 0.061062
0.604806 2.57249 0.060546
0.608516 2.56912 0.060037
0.612272 2.5658 0.059535
0.616075 2.56253 0.059038
0.619926 2.55931 0.058548
0.623825 2.55613 0.058063
0.627773 2.55299 0.057583
0.631772 2.5499 0.057109
0.635821 2.54685 0.05664
0.639924 2.54384 0.056177
0.644079 2.54088 0.055718
0.648289 2.53795 0.055264
0.652554 2.53506 0.054815
0.656875 2.5322 0.05437
0.661254 2.52939 0.05393
0.665692 2.52661 0.053494
0.67019 2.52386 0.053062
0.674749 2.52071 0.052589
0.679371 2.51803 0.052166
0.684056 2.51539 0.051747
0.688807 2.51278 0.051332
0.693623 2.5102 0.05092
0.698508 2.50765 0.050513
0.703462 2.50513 0.050109
0.708487 2.50264 0.049708
0.713584 2.50019 0.049311
0.718755 2.49775 0.048918
0.724001 2.49535 0.048527
0.729325 2.49297 0.04814
0.734727 2.49063 0.047757
0.74021 2.4883 0.047376
0.745776 2.48601 0.046999
0.751425 2.48374 0.046625
0.757161 2.48149 0.046254
0.762986 2.47927 0.045885
0.7689 2.47708 0.04552
0.774907 2.47491 0.045157
0.781009 2.47276 0.044798
0.787207 2.47064 0.044441
0.793505 2.46854 0.044087
0.799904 2.46646 0.043735
0.806408 2.4644 0.043386
0.813018 2.46237 0.04304
0.819737 2.46036 0.042696
0.826568 2.45837 0.042355
0.833514 2.45621 0.042015
0.840577 2.45426 0.041678
0.847762 2.45234 0.041344
0.85507 2.45043 0.041013
0.862506 2.44855 0.040684
0.870071 2.44668 0.040357
0.877771 2.44483 0.040032
0.885608 2.443 0.039709
0.893587 2.4412 0.039389
0.90171 2.43941 0.039071
0.909983 2.43764 0.038755
0.918409 2.43588 0.038441
0.926992 2.43415 0.038129
0.935737 2.43187 0.037815
0.944649 2.43017 0.037507
0.953732 2.42849 0.037201
0.962992 2.42684 0.036897
0.972433 2.42519 0.036595
0.982061 2.42357 0.036295
0.991881 2.42196 0.035997
1.0019 2.42037 0.0357
1.01212 2.41879 0.035405
1.02256 2.41723 0.035113
1.03321 2.41569 0.034821
1.04409 2.41416 0.034532
1.05519 2.41265 0.034244
1.06654 2.41115 0.033958
1.07813 2.40967 0.033673
1.08998 2.4082 0.033391
1.10209 2.40675 0.033109
1.11447 2.40531 0.03283
1.12714 2.40389 0.032552
1.14009 2.40249 0.032275
1.15335 2.4011 0.032
1.16692 2.39972 0.031727
1.18081 2.39835 0.031455
1.19504 2.39701 0.031184
1.20961 2.39567 0.030915
1.22454 2.39435 0.030647
1.23985 2.39304 0.030381
1.25555 2.39175 0.030116
1.27164 2.39047 0.029852
1.28816 2.3892 0.02959
1.30511 2.38795 0.029329
1.32251 2.38671 0.029069
1.34038 2.38548 0.028811
1.35874 2.38427 0.028554
1.37761 2.38307 0.028298
1.39702 2.38188 0.028043
1.41697 2.38071 0.02779
1.43751 2.37954 0.027538
1.45865 2.37839 0.027287
1.48042 2.37726 0.027037
1.50285 2.37613 0.026788
1.52597 2.37502 0.026541
1.54981 2.37392 0.026294
1.57441 2.37283 0.026049
1.59981 2.37176 0.025805
1.62604 2.37069 0.025561
1.65314 2.36964 0.025319
1.68115 2.3686 0.025078
1.71014 2.36757 0.024838
1.74014 2.36656 0.024599
1.77122 2.36555 0.024361
