nk
0.196802 1.77122 
SOPRA N&K Database
449
0.196802 1.34626 2.25379
0.197193 1.35098 2.26097
0.197586 1.35579 2.26824
0.19798 1.36068 2.2756
0.198376 1.36567 2.28305
0.198774 1.37075 2.29059
0.199173 1.37593 2.29822
0.199574 1.38122 2.30594
0.199976 1.38661 2.31377
0.20038 1.39211 2.32168
0.200786 1.39774 2.3297
0.201193 1.40348 2.33782
0.201602 1.40934 2.34603
0.202013 1.41534 2.35435
0.202425 1.42147 2.36277
0.202839 1.42774 2.3713
0.203254 1.43416 2.37993
0.203672 1.44073 2.38867
0.204091 1.44745 2.39751
0.204512 1.45435 2.40646
0.204934 1.46141 2.41552
0.205358 1.46865 2.42469
0.205785 1.47607 2.43396
0.206212 1.48369 2.44335
0.206642 1.49151 2.45285
0.207073 1.49954 2.46245
0.207507 1.50779 2.47216
0.207942 1.51626 2.48199
0.208378 1.52497 2.49192
0.208817 1.53392 2.50195
0.209258 1.54313 2.51208
0.2097 1.55261 2.52232
0.210144 1.56237 2.53266
0.210591 1.57241 2.5431
0.211039 1.58275 2.55362
0.211489 1.59341 2.56424
0.21194 1.60422 2.57527
0.212394 1.61555 2.58605
0.21285 1.62722 2.5969
0.213308 1.63926 2.60781
0.213768 1.65168 2.61878
0.214229 1.6645 2.6298
0.214693 1.67773 2.64086
0.215159 1.69138 2.65195
0.215626 1.70548 2.66306
0.216096 1.72003 2.67416
0.216568 1.73506 2.68526
0.217042 1.75058 2.69632
0.217518 1.7666 2.70734
0.217996 1.78315 2.7183
0.218476 1.80024 2.72916
0.218958 1.81788 2.73992
0.219443 1.8361 2.75054
0.219929 1.85489 2.761
0.220418 1.87429 2.77127
0.220909 1.89429 2.78131
0.221402 1.91492 2.79109
0.221897 1.93619 2.80058
0.222395 1.95809 2.80974
0.222895 1.98065 2.81852
0.223397 2.00386 2.82689
0.223901 2.02772 2.83479
0.224408 2.05223 2.84218
0.224916 2.07739 2.84901
0.225428 2.10318 2.85522
0.225941 2.1296 2.86076
0.226457 2.15663 2.86558
0.226975 2.18423 2.86962
0.227496 2.21239 2.87282
0.228019 2.24107 2.87513
0.228544 2.27022 2.8765
0.229072 2.29981 2.87685
0.229602 2.32977 2.87616
0.230135 2.36005 2.87435
0.23067 2.39058 2.8714
0.231208 2.42128 2.86725
0.231748 2.45209 2.86188
0.232291 2.48291 2.85525
0.232836 2.51366 2.84734
0.233384 2.54425 2.83813
0.233934 2.57457 2.82764
0.234487 2.60453 2.81584
0.235043 2.63403 2.80278
0.235601 2.66281 2.78871
0.236162 2.69109 2.77317
0.236726 2.71862 2.75646
0.237292 2.74531 2.73863
0.237861 2.77107 2.71975
0.238433 2.79582 2.69989
0.239008 2.8195 2.67913
0.239585 2.84204 2.65755
0.240165 2.86339 2.63526
0.240748 2.8835 2.61235
0.241334 2.90235 2.58892
0.241922 2.9199 2.56507
0.242514 2.93616 2.54089
0.243108 2.95111 2.51651
0.243706 2.96477 2.492
0.244306 2.97715 2.46746
0.244909 2.98827 2.443
0.245515 2.99818 2.41869
0.246124 3.0069 2.39461
0.246737 3.01449 2.37084
0.247352 3.02098 2.34744
0.24797 3.02644 2.32448
0.248592 3.03093 2.30202
0.249216 3.03449 2.28009
0.249844 3.03719 2.25875
0.250475 3.0391 2.23802
0.251109 3.04026 2.21794
0.251747 3.04074 2.19853
0.252387 3.0406 2.17981
0.253031 3.0399 2.16179
0.253678 3.03868 2.14449
0.254329 3.03701 2.1279
0.254982 3.03494 2.11204
0.25564 3.03251 2.09689
0.2563 3.02977 2.08247
0.256964 3.02677 2.06875
0.257632 3.02355 2.05573
0.258302 3.02014 2.04341
0.258977 3.01658 2.03177
0.259655 3.01291 2.0208
0.260336 3.00915 2.01049
0.261021 3.00534 2.00082
0.26171 3.00151 1.99179
0.262402 2.99768 1.98337
0.263099 2.99387 1.97556
0.263798 2.9901 1.96834
0.264502 2.9864 1.96169
0.265209 2.98278 1.95562
0.26592 2.97927 1.9501
0.266635 2.97587 1.94512
0.267353 2.97261 1.94068
0.268076 2.96949 1.93677
0.268803 2.96653 1.93337
0.269533 2.96376 1.93049
0.270267 2.96117 1.92811
0.271006 2.95878 1.92624
0.271748 2.95661 1.92487
0.272495 2.95467 1.924
0.273246 2.95298 1.92364
0.274 2.95154 1.92378
0.274759 2.95039 1.92444
0.275523 2.94953 1.92562
0.27629 2.94899 1.92733
0.277062 2.9488 1.92958
0.277838 2.94898 1.93239
0.278618 2.94957 1.93579
0.279403 2.9506 1.93978
0.280193 2.95213 1.94439
0.280986 2.9542 1.94965
0.281785 2.95689 1.95559
0.282587 2.96028 1.96225
0.283395 2.96447 1.96964
0.284207 2.96959 1.97781
0.285023 2.97579 1.98676
0.285845 2.98373 1.99719
0.286671 2.99273 2.00764
0.287502 3.00291 2.01815
0.288338 3.01566 2.02986
0.289178 3.03075 2.04188
0.290024 3.04848 2.05389
0.290874 3.06912 2.06546
0.29173 3.09286 2.076
0.29259 3.11976 2.08487
0.293456 3.14971 2.09132
0.294327 3.1824 2.09457
0.295203 3.21727 2.0939
0.296084 3.25356 2.0887
0.29697 3.29028 2.07856
0.297862 3.32635 2.06335
0.298759 3.36065 2.04326
0.299662 3.39213 2.01878
0.30057 3.41993 1.99067
0.301484 3.44347 1.95987
0.302403 3.46243 1.9274
0.303328 3.47636 1.89495
0.304258 3.48632 1.86209
0.305194 3.49227 1.83026
0.306136 3.49473 1.80002
0.307084 3.49423 1.7718
0.308038 3.49134 1.74585
0.308997 3.48657 1.72233
0.309963 3.4804 1.70125
0.310935 3.47323 1.6826
0.311912 3.46541 1.66628
0.312896 3.45723 1.65219
0.313887 3.44892 1.64021
0.314883 3.44066 1.63022
0.315886 3.4326 1.6221
0.316895 3.42485 1.61576
0.317911 3.41751 1.61111
0.318933 3.41065 1.6081
0.319962 3.40433 1.60668
0.320997 3.39861 1.60687
0.322039 3.39358 1.60869
0.323088 3.38932 1.61218
0.324144 3.38596 1.61744
0.325207 3.38367 1.62457
0.326277 3.38269 1.63369
0.327354 3.38333 1.64491
0.328438 3.38602 1.65832
0.329529 3.39125 1.67395
0.330627 3.39966 1.69172
0.331733 3.41193 1.7114
0.332846 3.42883 1.73256
0.333967 3.4511 1.75451
0.335095 3.47939 1.77632
0.336231 3.51419 1.79678
0.337375 3.55568 1.81447
0.338526 3.6037 1.82781
0.339685 3.65764 1.83519
0.340853 3.71641 1.83508
0.342028 3.7785 1.82626
0.343212 3.84201 1.80791
0.344403 3.90486 1.77971
0.345603 3.96494 1.74199
0.346812 4.02029 1.69558
0.348029 4.06931 1.64184
0.349254 4.11088 1.58239
0.350488 4.14436 1.51903
0.351731 4.16962 1.45349
0.352983 4.18692 1.38737
0.354243 4.19685 1.32202
0.355513 4.20018 1.25849
0.356792 4.19779 1.19754
0.35808 4.19056 1.13971
0.359377 4.17936 1.08528
0.360684 4.1643 1.03423
0.362001 4.14742 0.986864
0.363327 4.12863 0.942928
0.364662 4.10844 0.902265
0.366008 4.08727 0.86468
0.367364 4.06546 0.829957
0.368729 4.04328 0.797877
0.370105 4.02067 0.768221
0.371491 3.99799 0.740889
0.372888 3.97577 0.715459
0.374295 3.95363 0.691901
0.375713 3.93189 0.66996
0.377141 3.91045 0.649529
0.378581 3.88931 0.630487
0.380031 3.86841 0.612752
0.381493 3.84768 0.596319
0.382966 3.827 0.581343
0.38445 3.80632 0.568368
0.385946 3.78638 0.558745
0.387454 3.77155 0.5532
0.388973 3.76591 0.541958
0.390505 3.7538 0.520496
0.392048 3.73404 0.503074
0.393604 3.71393 0.490387
0.395172 3.69502 0.480123
0.396753 3.67728 0.471181
0.398346 3.66051 0.463086
0.399952 3.64454 0.455611
0.401571 3.62928 0.448631
0.403204 3.61465 0.442067
0.40485 3.60057 0.435865
0.406509 3.5869 0.429982
0.408182 3.57383 0.424389
0.409868 3.56086 0.419057
0.411569 3.54869 0.413963
0.413284 3.53693 0.409085
0.415013 3.52555 0.404403
0.416757 3.51454 0.399901
0.418515 3.50388 0.395563
0.420289 3.49356 0.391377
0.422077 3.48356 0.387328
0.423881 3.47388 0.383405
0.4257 3.4645 0.379596
0.427535 3.45542 0.37589
0.429386 3.44663 0.372279
0.431253 3.4381 0.368752
0.433136 3.42985 0.365301
0.435036 3.42186 0.361916
0.436952 3.41412 0.358591
0.438886 3.40662 0.355316
0.440836 3.39936 0.352086
0.442804 3.39234 0.348891
0.44479 3.38554 0.345727
0.446793 3.37896 0.342584
0.448815 3.3726 0.339457
0.450855 3.36644 0.33634
0.452914 3.36049 0.333225
0.454991 3.35474 0.330106
0.457088 3.34919 0.326977
0.459204 3.34382 0.323831
0.46134 3.33864 0.320661
0.463496 3.33365 0.317461
0.465672 3.32883 0.314223
0.467869 3.32418 0.310942
0.470086 3.3197 0.307609
0.472325 3.31539 0.304218
0.474584 3.31124 0.30076
0.476866 3.30725 0.297227
0.47917 3.30341 0.293611
0.481496 3.29927 0.289971
0.483845 3.2957 0.286164
0.486216 3.29227 0.282246
0.488612 3.28882 0.278229
0.49103 3.28563 0.274055
0.493473 3.28256 0.269734
0.495941 3.2796 0.26525
0.498433 3.27674 0.260591
0.50095 3.27397 0.255737
0.503493 3.27127 0.25067
0.506062 3.26863 0.24537
0.508657 3.26604 0.239813
0.511279 3.26345 0.233973
0.513928 3.26085 0.227821
0.516605 3.25818 0.221325
0.51931 3.2554 0.214452
0.522043 3.2524 0.207169
0.524805 3.24908 0.199449
0.527597 3.24526 0.191287
0.530418 3.24066 0.182743
0.53327 3.23487 0.174048
0.536152 3.22731 0.165912
0.539066 3.21759 0.160368
0.542012 3.20832 0.162744
0.54499 3.21486 0.169655
0.548001 3.23227 0.151855
0.551045 3.22503 0.122457
0.554124 3.20748 0.105295
0.557237 3.19036 0.095986
0.560385 3.17524 0.090351
0.563569 3.16187 0.086522
0.566789 3.14984 0.083673
0.570047 3.13883 0.081407
0.573342 3.12864 0.079511
0.576675 3.1191 0.077867
0.580048 3.11009 0.076402
0.58346 3.10154 0.07507
0.586912 3.09337 0.073839
0.590406 3.08554 0.07269
0.593941 3.07801 0.071605
0.597519 3.07074 0.070575
0.60114 3.06371 0.069591
0.604806 3.05689 0.068645
0.608516 3.05027 0.067735
0.612272 3.04384 0.066854
0.616075 3.03757 0.066
0.619926 3.03145 0.06517
0.623825 3.02534 0.064356
0.627773 3.01952 0.063569
0.631772 3.01382 0.062801
0.635821 3.00781 0.062032
0.639924 3.00236 0.061298
0.644079 2.99703 0.06058
0.648289 2.9918 0.059875
0.652554 2.98666 0.059184
0.656875 2.98163 0.058505
0.661254 2.97668 0.057838
0.665692 2.97182 0.057183
0.67019 2.96704 0.056538
0.674749 2.96235 0.055904
0.679371 2.95773 0.05528
0.684056 2.95318 0.054665
0.688807 2.94871 0.05406
0.693623 2.94432 0.053463
0.698508 2.93999 0.052875
0.703462 2.93572 0.052296
0.708487 2.93152 0.051725
0.713584 2.92739 0.051161
0.718755 2.92331 0.050605
0.724001 2.91929 0.050056
0.729325 2.91533 0.049515
0.734727 2.91143 0.04898
0.74021 2.90759 0.048452
0.745776 2.9038 0.047931
0.751425 2.89967 0.047392
0.757161 2.89599 0.046884
0.762986 2.89235 0.046381
0.7689 2.88876 0.045885
0.774907 2.88522 0.045394
0.781009 2.88173 0.044909
0.787207 2.87829 0.044429
0.793505 2.87489 0.043955
0.799904 2.87153 0.043486
0.806408 2.86822 0.043022
0.813018 2.86495 0.042563
0.819737 2.86172 0.042109
0.826568 2.85854 0.04166
0.833514 2.85539 0.041215
0.840577 2.85229 0.040775
0.847762 2.84922 0.04034
0.85507 2.8462 0.039908
0.862506 2.84321 0.039482
0.870071 2.84025 0.039059
0.877771 2.83734 0.03864
0.885608 2.83446 0.038226
0.893587 2.83162 0.037815
0.90171 2.82881 0.037408
0.909983 2.82604 0.037006
0.918409 2.8233 0.036606
0.926992 2.82059 0.036211
0.935737 2.81792 0.035819
0.944649 2.81528 0.03543
0.953732 2.81268 0.035045
0.962992 2.8101 0.034663
0.972433 2.80756 0.034285
0.982061 2.80504 0.03391
0.991881 2.80256 0.033538
1.0019 2.80011 0.033169
1.01212 2.79769 0.032803
1.02256 2.79529 0.03244
1.03321 2.79293 0.03208
1.04409 2.7906 0.031723
1.05519 2.78829 0.031369
1.06654 2.78601 0.031018
1.07813 2.78376 0.030669
1.08998 2.78154 0.030323
1.10209 2.77935 0.02998
1.11447 2.77718 0.029639
1.12714 2.77504 0.029301
1.14009 2.77292 0.028966
1.15335 2.77083 0.028632
1.16692 2.76877 0.028301
1.18081 2.76673 0.027973
1.19504 2.76472 0.027647
1.20961 2.76273 0.027323
1.22454 2.76077 0.027001
1.23985 2.75883 0.026682
1.25555 2.75692 0.026365
1.27164 2.75503 0.026049
1.28816 2.75316 0.025736
1.30511 2.75132 0.025425
1.32251 2.7495 0.025116
1.34038 2.7477 0.024809
1.35874 2.74593 0.024504
1.37761 2.74418 0.024201
1.39702 2.74246 0.023899
1.41697 2.74075 0.0236
1.43751 2.73907 0.023302
1.45865 2.73741 0.023006
1.48042 2.73577 0.022712
1.50285 2.73415 0.022419
1.52597 2.73256 0.022128
1.54981 2.73098 0.021839
1.57441 2.72943 0.021551
1.59981 2.7279 0.021265
1.62604 2.72639 0.02098
1.65314 2.7249 0.020697
1.68115 2.72343 0.020416
1.71014 2.72198 0.020136
1.74014 2.72056 0.019857
1.77122 2.71915 0.01958
