nk
0.196802 1.77122 
SOPRA N&K Database
449
0.196802 2.23097 2.48832
0.197193 2.25222 2.47513
0.197586 2.273 2.46123
0.19798 2.29327 2.44665
0.198376 2.313 2.43141
0.198774 2.33215 2.41554
0.199173 2.35069 2.39908
0.199574 2.36857 2.38205
0.199976 2.38578 2.3645
0.20038 2.40228 2.34646
0.200786 2.41805 2.32797
0.201193 2.43306 2.30907
0.201602 2.44731 2.28981
0.202013 2.46077 2.27023
0.202425 2.47343 2.25038
0.202839 2.48528 2.23029
0.203254 2.49633 2.21002
0.203672 2.50656 2.18961
0.204091 2.51598 2.1691
0.204512 2.52459 2.14854
0.204934 2.5324 2.12796
0.205358 2.53942 2.10742
0.205785 2.54566 2.08694
0.206212 2.55114 2.06656
0.206642 2.55565 2.0466
0.207073 2.55964 2.02655
0.207507 2.56292 2.0067
0.207942 2.56551 1.98708
0.208378 2.56744 1.96773
0.208817 2.56871 1.94867
0.209258 2.56937 1.92992
0.2097 2.56943 1.9115
0.210144 2.56893 1.89344
0.210591 2.56787 1.87575
0.211039 2.5663 1.85845
0.211489 2.56423 1.84156
0.21194 2.5617 1.82507
0.212394 2.55872 1.80901
0.21285 2.55532 1.79339
0.213308 2.55153 1.7782
0.213768 2.54737 1.76347
0.214229 2.54287 1.74918
0.214693 2.53803 1.73535
0.215159 2.5329 1.72198
0.215626 2.52749 1.70907
0.216096 2.52181 1.69663
0.216568 2.5159 1.68464
0.217042 2.50977 1.67312
0.217518 2.50343 1.66205
0.217996 2.49691 1.65145
0.218476 2.49022 1.64129
0.218958 2.48338 1.63159
0.219443 2.47641 1.62234
0.219929 2.46931 1.61354
0.220418 2.46211 1.60518
0.220909 2.45481 1.59725
0.221402 2.44744 1.58976
0.221897 2.43999 1.5827
0.222395 2.43249 1.57606
0.222895 2.42495 1.56985
0.223397 2.41737 1.56405
0.223901 2.40977 1.55867
0.224408 2.40216 1.55369
0.224916 2.39453 1.54912
0.225428 2.38692 1.54495
0.225941 2.37932 1.54118
0.226457 2.37174 1.5378
0.226975 2.36418 1.53481
0.227496 2.35667 1.53221
0.228019 2.3492 1.52999
0.228544 2.34178 1.52815
0.229072 2.33442 1.52669
0.229602 2.32713 1.52561
0.230135 2.31991 1.5249
0.23067 2.31277 1.52457
0.231208 2.30572 1.5246
0.231748 2.29876 1.52501
0.232291 2.2919 1.52578
0.232836 2.28515 1.52692
0.233384 2.27852 1.52844
0.233934 2.27201 1.53032
0.234487 2.26563 1.53256
0.235043 2.25939 1.53518
0.235601 2.2533 1.53817
0.236162 2.24736 1.54152
0.236726 2.24159 1.54525
0.237292 2.23599 1.54936
0.237861 2.23058 1.55383
0.238433 2.22536 1.55869
0.239008 2.22036 1.56392
0.239585 2.21556 1.56953
0.240165 2.21101 1.57553
0.240748 2.20669 1.58191
0.241334 2.20264 1.58868
0.241922 2.19887 1.59584
0.242514 2.19539 1.60339
0.243108 2.19222 1.61133
0.243706 2.18938 1.61966
0.244306 2.1869 1.62838
0.244909 2.18479 1.6375
0.245515 2.18307 1.64701
0.246124 2.18178 1.6569
0.246737 2.18094 1.66718
0.247352 2.18057 1.67783
0.24797 2.18071 1.68886
0.248592 2.18139 1.70025
0.249216 2.18263 1.71199
0.249844 2.18448 1.72407
0.250475 2.18697 1.73646
0.251109 2.19013 1.74916
0.251747 2.19401 1.76212
0.252387 2.19863 1.77533
0.253031 2.20404 1.78876
0.253678 2.21028 1.80235
0.254329 2.21738 1.81607
0.254982 2.22537 1.82987
0.25564 2.23429 1.8437
0.2563 2.24416 1.85748
0.256964 2.25502 1.87116
0.257632 2.26687 1.88466
0.258302 2.27974 1.89789
0.258977 2.29362 1.91079
0.259655 2.30851 1.92324
0.260336 2.32439 1.93517
0.261021 2.34124 1.94648
0.26171 2.359 1.95707
0.262402 2.37764 1.96684
0.263099 2.39707 1.97571
0.263798 2.41721 1.9836
0.264502 2.43796 1.99043
0.265209 2.45921 1.99614
0.26592 2.48084 2.00068
0.266635 2.5027 2.00404
0.267353 2.5245 2.00714
0.268076 2.54643 2.00815
0.268803 2.56818 2.00804
0.269533 2.58961 2.00686
0.270267 2.61061 2.00471
0.271006 2.63106 2.0017
0.271748 2.65091 1.99797
0.272495 2.67007 1.99365
0.273246 2.68853 1.98889
0.274 2.70629 1.98386
0.274759 2.72336 1.9787
0.275523 2.73982 1.97355
0.27629 2.75574 1.96856
0.277062 2.77123 1.96382
0.277838 2.78641 1.95943
0.278618 2.80142 1.95547
0.279403 2.81642 1.95196
0.280193 2.83157 1.94892
0.280986 2.84703 1.94634
0.281785 2.86295 1.94417
0.282587 2.87948 1.94234
0.283395 2.89677 1.94075
0.284207 2.91494 1.93927
0.285023 2.9341 1.93776
0.285845 2.95432 1.93606
0.286671 2.97566 1.93397
0.287502 2.99816 1.93131
0.288338 3.0218 1.92787
0.289178 3.04655 1.92344
0.290024 3.07234 1.91782
0.290874 3.09907 1.91081
0.29173 3.1266 1.90222
0.29259 3.15475 1.89189
0.293456 3.18333 1.87967
0.294327 3.21211 1.86546
0.295203 3.24085 1.84919
0.296084 3.26929 1.8308
0.29697 3.29717 1.81031
0.297862 3.32423 1.78777
0.298759 3.35022 1.76327
0.299662 3.3749 1.73692
0.30057 3.39806 1.70888
0.301484 3.41952 1.67936
0.302403 3.43914 1.64855
0.303328 3.45679 1.61669
0.304258 3.47242 1.584
0.305194 3.48598 1.55072
0.306136 3.49746 1.51708
0.307084 3.50689 1.4833
0.308038 3.51434 1.44958
0.308997 3.51986 1.4161
0.309963 3.52357 1.38304
0.310935 3.52557 1.35054
0.311912 3.52598 1.31872
0.312896 3.52493 1.28767
0.313887 3.52254 1.25748
0.314883 3.51894 1.22822
0.315886 3.51425 1.19993
0.316895 3.50786 1.17234
0.317911 3.50137 1.14607
0.318933 3.49415 1.12082
0.319962 3.48628 1.09658
0.320997 3.47787 1.07336
0.322039 3.46901 1.05111
0.323088 3.45976 1.02983
0.324144 3.4502 1.00949
0.325207 3.4404 0.990045
0.326277 3.43041 0.971477
0.327354 3.42029 0.953746
0.328438 3.41008 0.936817
0.329529 3.39983 0.920657
0.330627 3.38956 0.905229
0.331733 3.37931 0.890498
0.332846 3.36911 0.876431
0.333967 3.35898 0.862994
0.335095 3.34895 0.850154
0.336231 3.33902 0.837881
0.337375 3.32923 0.826144
0.338526 3.31958 0.814915
0.339685 3.31007 0.804165
0.340853 3.30073 0.793868
0.342028 3.29156 0.783999
0.343212 3.28257 0.774533
0.344403 3.27376 0.765448
0.345603 3.26513 0.756722
0.346812 3.25669 0.748333
0.348029 3.24845 0.740262
0.349254 3.24039 0.732491
0.350488 3.23253 0.725
0.351731 3.22487 0.717774
0.352983 3.2174 0.710796
0.354243 3.21012 0.70405
0.355513 3.20304 0.697521
0.356792 3.19571 0.691315
0.35808 3.189 0.685183
0.359377 3.18247 0.67923
0.360684 3.17613 0.673442
0.362001 3.16997 0.667807
0.363327 3.16384 0.662356
0.364662 3.15804 0.656997
0.366008 3.15206 0.651751
0.367364 3.1466 0.646626
0.368729 3.14131 0.641602
0.370105 3.13619 0.636671
0.371491 3.13123 0.631823
0.372888 3.12599 0.627149
0.374295 3.12132 0.622443
0.375713 3.11681 0.617795
0.377141 3.11244 0.613197
0.378581 3.10821 0.608641
0.380031 3.10412 0.604119
0.381493 3.10014 0.599624
0.382966 3.09629 0.595149
0.38445 3.09255 0.590685
0.385946 3.08892 0.586227
0.387454 3.08538 0.581767
0.388973 3.08177 0.577333
0.390505 3.07838 0.572853
0.392048 3.07505 0.568356
0.393604 3.07174 0.563838
0.395172 3.06846 0.5593
0.396753 3.06515 0.554744
0.398346 3.06178 0.55018
0.399952 3.05832 0.545626
0.401571 3.05469 0.541118
0.403204 3.05082 0.53672
0.40485 3.04659 0.532546
0.406509 3.0419 0.528805
0.408182 3.03658 0.525885
0.409868 3.0306 0.524529
0.411569 3.02392 0.526734
0.413284 3.01969 0.533743
0.415013 3.0243 0.546244
0.416757 3.04566 0.553098
0.418515 3.0705 0.536192
0.420289 3.07574 0.507779
0.422077 3.0673 0.486498
0.423881 3.05684 0.473459
0.4257 3.04721 0.46499
0.427535 3.03894 0.458937
0.429386 3.0319 0.454189
0.431253 3.02585 0.450176
0.433136 3.02059 0.44659
0.435036 3.01597 0.443257
0.436952 3.01188 0.440071
0.438886 3.00824 0.436967
0.440836 3.00497 0.4339
0.442804 3.00204 0.43084
0.44479 2.99939 0.427764
0.446793 2.99701 0.424656
0.448815 2.99486 0.4215
0.450855 2.99293 0.418287
0.452914 2.99119 0.415006
0.454991 2.98963 0.411647
0.457088 2.98825 0.408203
0.459204 2.98702 0.404665
0.46134 2.98594 0.401026
0.463496 2.985 0.397277
0.465672 2.98418 0.39341
0.467869 2.98349 0.389417
0.470086 2.9829 0.385289
0.472325 2.98242 0.381017
0.474584 2.98203 0.376592
0.476866 2.98173 0.372003
0.47917 2.98149 0.367241
0.481496 2.98133 0.362293
0.483845 2.98121 0.357148
0.486216 2.98113 0.351792
0.488612 2.98106 0.346213
0.49103 2.981 0.340396
0.493473 2.98077 0.334333
0.495941 2.98064 0.327992
0.498433 2.98044 0.321366
0.50095 2.98011 0.314438
0.503493 2.97961 0.307192
0.506062 2.97842 0.299641
0.508657 2.97736 0.291731
0.511279 2.97588 0.283493
0.513928 2.97383 0.274955
0.516605 2.97099 0.266189
0.51931 2.96645 0.257637
0.522043 2.96108 0.249126
0.524805 2.95383 0.24155
0.527597 2.94423 0.236277
0.530418 2.93243 0.236088
0.53327 2.92153 0.245935
0.536152 2.92376 0.269383
0.539066 2.95888 0.289464
0.542012 3.01019 0.265574
0.54499 3.02638 0.210811
0.548001 3.01197 0.166994
0.551045 2.98938 0.139863
0.554124 2.96731 0.123218
0.557237 2.94758 0.112436
0.560385 2.92958 0.104853
0.563569 2.91419 0.09946
0.566789 2.90037 0.095332
0.570047 2.88782 0.092043
0.573342 2.8763 0.089334
0.576675 2.86564 0.087041
0.580048 2.85568 0.085055
0.58346 2.84634 0.083301
0.586912 2.83752 0.081728
0.590406 2.82915 0.080298
0.593941 2.82118 0.078984
0.597519 2.81356 0.077764
0.60114 2.80626 0.076623
0.604806 2.79924 0.075548
0.608516 2.79249 0.07453
0.612272 2.78596 0.07356
0.616075 2.77965 0.072633
0.619926 2.77354 0.071743
0.623825 2.76761 0.070886
0.627773 2.76185 0.070059
0.631772 2.75625 0.069257
0.635821 2.75079 0.06848
0.639924 2.74548 0.067724
0.644079 2.74029 0.066988
0.648289 2.73523 0.066271
0.652554 2.73028 0.06557
0.656875 2.72545 0.064885
0.661254 2.72072 0.064214
0.665692 2.71609 0.063557
0.67019 2.71155 0.062912
0.674749 2.70711 0.06228
0.679371 2.70275 0.061659
0.684056 2.69847 0.061048
0.688807 2.69428 0.060448
0.693623 2.69016 0.059857
0.698508 2.68612 0.059275
0.703462 2.68214 0.058703
0.708487 2.67824 0.058138
0.713584 2.6744 0.057582
0.718755 2.67062 0.057033
0.724001 2.66691 0.056492
0.729325 2.66325 0.055957
0.734727 2.65966 0.05543
0.74021 2.65612 0.054909
0.745776 2.65264 0.054395
0.751425 2.6492 0.053887
0.757161 2.64583 0.053385
0.762986 2.6425 0.052888
0.7689 2.63922 0.052398
0.774907 2.63598 0.051912
0.781009 2.6328 0.051432
0.787207 2.62966 0.050958
0.793505 2.62656 0.050488
0.799904 2.62308 0.049983
0.806408 2.62007 0.049523
0.813018 2.61711 0.049068
0.819737 2.61418 0.048618
0.826568 2.61129 0.048172
0.833514 2.60844 0.04773
0.840577 2.60563 0.047292
0.847762 2.60285 0.046859
0.85507 2.60011 0.046429
0.862506 2.59741 0.046003
0.870071 2.59474 0.045582
0.877771 2.59211 0.045164
0.885608 2.58951 0.044749
0.893587 2.58676 0.044337
0.90171 2.58423 0.04393
0.909983 2.58173 0.043526
0.918409 2.57926 0.043126
0.926992 2.57682 0.042729
0.935737 2.57441 0.042335
0.944649 2.57203 0.041945
0.953732 2.56968 0.041558
0.962992 2.56736 0.041173
0.972433 2.56507 0.040792
0.982061 2.56281 0.040414
0.991881 2.56004 0.040033
1.0019 2.55783 0.039661
1.01212 2.55565 0.039291
1.02256 2.5535 0.038925
1.03321 2.55138 0.03856
1.04409 2.54928 0.038199
1.05519 2.5472 0.03784
1.06654 2.54516 0.037484
1.07813 2.54313 0.03713
1.08998 2.54113 0.036779
1.10209 2.53915 0.03643
1.11447 2.5372 0.036083
1.12714 2.53527 0.035739
1.14009 2.53336 0.035397
1.15335 2.53148 0.035058
1.16692 2.52962 0.03472
1.18081 2.52778 0.034385
1.19504 2.52596 0.034052
1.20961 2.52417 0.033721
1.22454 2.52239 0.033393
1.23985 2.52064 0.033066
1.25555 2.51891 0.032741
1.27164 2.5172 0.032418
1.28816 2.51551 0.032097
1.30511 2.51384 0.031779
1.32251 2.51219 0.031462
1.34038 2.51056 0.031146
1.35874 2.50895 0.030833
1.37761 2.50736 0.030522
1.39702 2.50579 0.030212
1.41697 2.50424 0.029904
1.43751 2.50271 0.029597
1.45865 2.50119 0.029293
1.48042 2.4997 0.02899
1.50285 2.49822 0.028689
1.52597 2.49676 0.028389
1.54981 2.49532 0.028091
1.57441 2.4939 0.027794
1.59981 2.4925 0.027499
1.62604 2.49112 0.027205
1.65314 2.48975 0.026913
1.68115 2.4884 0.026623
1.71014 2.48706 0.026333
1.74014 2.48575 0.026046
1.77122 2.48445 0.025759
