nk
0.190746 1.23985 
SOPRA N&K Database
111
0.190746 2.26369 2.36359
0.192225 2.31442 2.29265
0.193727 2.36129 2.21032
0.195252 2.40412 2.11881
0.196802 2.44278 2.02033
0.198376 2.47711 1.91712
0.199976 2.50696 1.8114
0.201602 2.53218 1.70538
0.203254 2.55262 1.60128
0.204934 2.56946 1.49764
0.206642 2.57854 1.40776
0.208378 2.57432 1.34876
0.210144 2.5621 1.30776
0.21194 2.54515 1.27759
0.213768 2.5241 1.25825
0.215626 2.5004 1.24757
0.217518 2.47493 1.24492
0.219443 2.4487 1.2493
0.221402 2.42276 1.25959
0.223397 2.39812 1.27481
0.225428 2.37587 1.29363
0.227496 2.3572 1.31419
0.229602 2.34279 1.33711
0.231748 2.33234 1.36398
0.233934 2.33 1.39
0.236162 2.34139 1.40883
0.238433 2.36181 1.42667
0.240748 2.3885 1.44742
0.243108 2.42137 1.47166
0.245515 2.45987 1.49813
0.24797 2.5027 1.53619
0.250475 2.54814 1.6011
0.253031 2.59687 1.67389
0.25564 2.64722 1.75819
0.258302 2.70457 1.80149
0.261021 2.77584 1.73946
0.263798 2.85477 1.61127
0.266635 2.93957 1.42147
0.269533 3.0238 1.2096
0.272495 3.10217 1.00753
0.275523 3.16945 0.842805
0.278618 3.21805 0.757822
0.281785 3.24972 0.739945
0.285023 3.25971 0.817874
0.288338 3.26 0.91
0.29173 3.26243 0.931096
0.295203 3.2627 0.920719
0.298759 3.26032 0.889213
0.302403 3.25565 0.838992
0.306136 3.24884 0.76959
0.309963 3.24 0.7
0.313887 3.22919 0.655028
0.317911 3.21665 0.616771
0.322039 3.20255 0.574221
0.326277 3.18706 0.531505
0.330627 3.17032 0.488967
0.335095 3.15249 0.446951
0.339685 3.13432 0.405248
0.344403 3.11422 0.365855
0.349254 3.09097 0.330447
0.354243 3.06429 0.299778
0.359377 3.03229 0.276156
0.364662 2.9986 0.256599
0.370105 2.96627 0.238691
0.375713 2.93517 0.223047
0.381493 2.90596 0.209525
0.387454 2.8793 0.197981
0.393604 2.85588 0.188273
0.399952 2.83634 0.180259
0.406509 2.82136 0.173796
0.413284 2.8116 0.168741
0.420289 2.80726 0.164818
0.427535 2.81041 0.162286
0.435036 2.82455 0.161805
0.442804 2.84562 0.161894
0.450855 2.87665 0.163378
0.459204 2.9 0.16
0.467869 2.89496 0.143873
0.476866 2.87373 0.120709
0.486216 2.83793 0.091041
0.495941 2.79858 0.062518
0.506062 2.76904 0.044422
0.516605 2.74385 0.032388
0.527597 2.7225 0.025625
0.539066 2.70358 0.022694
0.551045 2.68533 0.02191
0.563569 2.66824 0.023214
0.576675 2.65223 0.026141
0.590406 2.63723 0.030225
0.604806 2.62325 0.036037
0.619926 2.61 0.04
0.635821 2.59715 0.037247
0.652554 2.58492 0.032215
0.67019 2.57347 0.028033
0.688807 2.56269 0.023753
0.708487 2.55255 0.019446
0.729325 2.54301 0.015184
0.751425 2.53402 0.011037
0.774907 2.52555 0.007076
0.799904 2.51755 0.003031
0.826568 2.51 0
0.85507 2.50285 0
0.885608 2.49605 0
0.918409 2.48958 0
0.953732 2.48339 0
0.991881 2.47745 0
1.03321 2.47171 0
1.07813 2.46613 0
1.12714 2.46068 0
1.18081 2.45532 0
1.23985 2.45 0
