nk
0.25 0.85 
SOPRA N&K Database
61
0.25 2.64599 0
0.26 2.60254 0
0.27 2.56035 0
0.28 2.52052 0
0.29 2.48387 0
0.3 2.45089 0
0.31 2.42171 0
0.32 2.39616 0
0.33 2.37387 0
0.34 2.35437 0
0.35 2.33718 0
0.36 2.32185 0
0.37 2.30807 0
0.38 2.29561 0
0.39 2.28431 0
0.4 2.27413 0
0.41 2.26501 0
0.42 2.25695 0
0.43 2.24993 0
0.44 2.24391 0
0.45 2.23884 0
0.46 2.23465 0
0.47 2.23125 0
0.48 2.22853 0
0.49 2.22637 0
0.5 2.22467 0
0.51 2.2233 0
0.52 2.22216 0
0.53 2.22117 0
0.54 2.22022 0
0.55 2.21927 0
0.56 2.21825 0
0.57 2.21713 0
0.58 2.2159 0
0.59 2.21454 0
0.6 2.21306 0
0.61 2.21148 0
0.62 2.20981 0
0.63 2.20809 0
0.64 2.20633 0
0.65 2.20455 0
0.66 2.20277 0
0.67 2.20102 0
0.68 2.19929 0
0.69 2.1976 0
0.7 2.19594 0
0.71 2.19433 0
0.72 2.19276 0
0.73 2.19123 0
0.74 2.18975 0
0.75 2.1883 0
0.76 2.1869 0
0.77 2.18553 0
0.78 2.18419 0
0.79 2.18287 0
0.8 2.18156 0
0.81 2.18024 0
0.82 2.17891 0
0.83 2.17756 0
0.84 2.1762 0
0.85 2.17482 0
